cs =    3.1000e+00
is =

{s 1}
ss =

{d 3.1000000000000001e00}
cv =

   3.1000e+00
   3.1000e+00
   3.1000e+00

iv =

[{s 2}; {s 3}; {s 4}]
sv =

[{d 3.1000000000000001e00}; {d 3.1000000000000001e00}; {d 3.1000000000000001e00}]
cm =

   3.1000e+00   3.1000e+00   3.1000e+00
   3.1000e+00   3.1000e+00   3.1000e+00
   3.1000e+00   3.1000e+00   3.1000e+00

sm =

[{d 3.1000000000000001e00}, {d 3.1000000000000001e00}, {d 3.1000000000000001e00}; {d 3.1000000000000001e00}, {d 3.1000000000000001e00}, {d 3.1000000000000001e00}; {d 3.1000000000000001e00}, {d 3.1000000000000001e00}, {d 3.1000000000000001e00}]
ans =    9.6100e+00
ans =

{o * {d 3.1000000000000001e00} {s 1}}
ans =

{d 9.6100000000000012e00}
ans =

   9.6100e+00
   9.6100e+00
   9.6100e+00

ans =

[{o * {s 2} {d 3.1000000000000001e00}}; {o * {s 3} {d 3.1000000000000001e00}}; {o * {s 4} {d 3.1000000000000001e00}}]
ans =

[{d 9.6100000000000012e00}; {d 9.6100000000000012e00}; {d 9.6100000000000012e00}]
ans =

   9.6100e+00   9.6100e+00   9.6100e+00
   9.6100e+00   9.6100e+00   9.6100e+00
   9.6100e+00   9.6100e+00   9.6100e+00

ans =

[{d 9.6100000000000012e00}, {d 9.6100000000000012e00}, {d 9.6100000000000012e00}; {d 9.6100000000000012e00}, {d 9.6100000000000012e00}, {d 9.6100000000000012e00}; {d 9.6100000000000012e00}, {d 9.6100000000000012e00}, {d 9.6100000000000012e00}]
ans =

{o * {s 1} {d 3.1000000000000001e00}}
ans =

{o pow {s 1} {i 2}}
ans =

{o * {s 1} {d 3.1000000000000001e00}}
ans =

[{o * {d 3.1000000000000001e00} {s 1}}; {o * {d 3.1000000000000001e00} {s 1}}; {o * {d 3.1000000000000001e00} {s 1}}]
ans =

[{o * {s 2} {s 1}}; {o * {s 3} {s 1}}; {o * {s 4} {s 1}}]
ans =

[{o * {d 3.1000000000000001e00} {s 1}}; {o * {d 3.1000000000000001e00} {s 1}}; {o * {d 3.1000000000000001e00} {s 1}}]
ans =

[{o * {d 3.1000000000000001e00} {s 1}}, {o * {d 3.1000000000000001e00} {s 1}}, {o * {d 3.1000000000000001e00} {s 1}}; {o * {d 3.1000000000000001e00} {s 1}}, {o * {d 3.1000000000000001e00} {s 1}}, {o * {d 3.1000000000000001e00} {s 1}}; {o * {d 3.1000000000000001e00} {s 1}}, {o * {d 3.1000000000000001e00} {s 1}}, {o * {d 3.1000000000000001e00} {s 1}}]
ans =

[{o * {d 3.1000000000000001e00} {s 1}}, {o * {d 3.1000000000000001e00} {s 1}}, {o * {d 3.1000000000000001e00} {s 1}}; {o * {d 3.1000000000000001e00} {s 1}}, {o * {d 3.1000000000000001e00} {s 1}}, {o * {d 3.1000000000000001e00} {s 1}}; {o * {d 3.1000000000000001e00} {s 1}}, {o * {d 3.1000000000000001e00} {s 1}}, {o * {d 3.1000000000000001e00} {s 1}}]
ans =

{d 9.6100000000000012e00}
ans =

{o * {d 3.1000000000000001e00} {s 1}}
ans =

{d 9.6100000000000012e00}
ans =

[{d 9.6100000000000012e00}; {d 9.6100000000000012e00}; {d 9.6100000000000012e00}]
ans =

[{o * {s 2} {d 3.1000000000000001e00}}; {o * {s 3} {d 3.1000000000000001e00}}; {o * {s 4} {d 3.1000000000000001e00}}]
ans =

[{d 9.6100000000000012e00}; {d 9.6100000000000012e00}; {d 9.6100000000000012e00}]
ans =

[{d 9.6100000000000012e00}, {d 9.6100000000000012e00}, {d 9.6100000000000012e00}; {d 9.6100000000000012e00}, {d 9.6100000000000012e00}, {d 9.6100000000000012e00}; {d 9.6100000000000012e00}, {d 9.6100000000000012e00}, {d 9.6100000000000012e00}]
ans =

[{d 9.6100000000000012e00}, {d 9.6100000000000012e00}, {d 9.6100000000000012e00}; {d 9.6100000000000012e00}, {d 9.6100000000000012e00}, {d 9.6100000000000012e00}; {d 9.6100000000000012e00}, {d 9.6100000000000012e00}, {d 9.6100000000000012e00}]
ans =

   9.6100e+00
   9.6100e+00
   9.6100e+00

ans =

[{o * {d 3.1000000000000001e00} {s 1}}; {o * {d 3.1000000000000001e00} {s 1}}; {o * {d 3.1000000000000001e00} {s 1}}]
ans =

[{d 9.6100000000000012e00}; {d 9.6100000000000012e00}; {d 9.6100000000000012e00}]
ans =

[{o * {s 2} {d 3.1000000000000001e00}}; {o * {s 3} {d 3.1000000000000001e00}}; {o * {s 4} {d 3.1000000000000001e00}}]
ans =

[{o * {s 2} {s 1}}; {o * {s 3} {s 1}}; {o * {s 4} {s 1}}]
ans =

[{o * {s 2} {d 3.1000000000000001e00}}; {o * {s 3} {d 3.1000000000000001e00}}; {o * {s 4} {d 3.1000000000000001e00}}]
ans =

[{d 9.6100000000000012e00}; {d 9.6100000000000012e00}; {d 9.6100000000000012e00}]
ans =

[{o * {d 3.1000000000000001e00} {s 1}}; {o * {d 3.1000000000000001e00} {s 1}}; {o * {d 3.1000000000000001e00} {s 1}}]
ans =

[{d 9.6100000000000012e00}; {d 9.6100000000000012e00}; {d 9.6100000000000012e00}]
ans =

   9.6100e+00   9.6100e+00   9.6100e+00
   9.6100e+00   9.6100e+00   9.6100e+00
   9.6100e+00   9.6100e+00   9.6100e+00

ans =

[{o * {d 3.1000000000000001e00} {s 1}}, {o * {d 3.1000000000000001e00} {s 1}}, {o * {d 3.1000000000000001e00} {s 1}}; {o * {d 3.1000000000000001e00} {s 1}}, {o * {d 3.1000000000000001e00} {s 1}}, {o * {d 3.1000000000000001e00} {s 1}}; {o * {d 3.1000000000000001e00} {s 1}}, {o * {d 3.1000000000000001e00} {s 1}}, {o * {d 3.1000000000000001e00} {s 1}}]
ans =

[{d 9.6100000000000012e00}, {d 9.6100000000000012e00}, {d 9.6100000000000012e00}; {d 9.6100000000000012e00}, {d 9.6100000000000012e00}, {d 9.6100000000000012e00}; {d 9.6100000000000012e00}, {d 9.6100000000000012e00}, {d 9.6100000000000012e00}]
ans =

   2.8830e+01
   2.8830e+01
   2.8830e+01

ans =

[{o + {o + {o * {d 3.1000000000000001e00} {s 2}} {o * {d 3.1000000000000001e00} {s 3}}} {o * {d 3.1000000000000001e00} {s 4}}}; {o + {o + {o * {d 3.1000000000000001e00} {s 2}} {o * {d 3.1000000000000001e00} {s 3}}} {o * {d 3.1000000000000001e00} {s 4}}}; {o + {o + {o * {d 3.1000000000000001e00} {s 2}} {o * {d 3.1000000000000001e00} {s 3}}} {o * {d 3.1000000000000001e00} {s 4}}}]
ans =

[{d 2.8830000000000006e01}; {d 2.8830000000000006e01}; {d 2.8830000000000006e01}]
ans =

   2.8830e+01   2.8830e+01   2.8830e+01
   2.8830e+01   2.8830e+01   2.8830e+01
   2.8830e+01   2.8830e+01   2.8830e+01

ans =

[{d 2.8830000000000006e01}, {d 2.8830000000000006e01}, {d 2.8830000000000006e01}; {d 2.8830000000000006e01}, {d 2.8830000000000006e01}, {d 2.8830000000000006e01}; {d 2.8830000000000006e01}, {d 2.8830000000000006e01}, {d 2.8830000000000006e01}]
ans =

[{d 9.6100000000000012e00}, {d 9.6100000000000012e00}, {d 9.6100000000000012e00}; {d 9.6100000000000012e00}, {d 9.6100000000000012e00}, {d 9.6100000000000012e00}; {d 9.6100000000000012e00}, {d 9.6100000000000012e00}, {d 9.6100000000000012e00}]
ans =

[{o * {d 3.1000000000000001e00} {s 1}}, {o * {d 3.1000000000000001e00} {s 1}}, {o * {d 3.1000000000000001e00} {s 1}}; {o * {d 3.1000000000000001e00} {s 1}}, {o * {d 3.1000000000000001e00} {s 1}}, {o * {d 3.1000000000000001e00} {s 1}}; {o * {d 3.1000000000000001e00} {s 1}}, {o * {d 3.1000000000000001e00} {s 1}}, {o * {d 3.1000000000000001e00} {s 1}}]
ans =

[{d 9.6100000000000012e00}, {d 9.6100000000000012e00}, {d 9.6100000000000012e00}; {d 9.6100000000000012e00}, {d 9.6100000000000012e00}, {d 9.6100000000000012e00}; {d 9.6100000000000012e00}, {d 9.6100000000000012e00}, {d 9.6100000000000012e00}]
ans =

[{d 2.8830000000000006e01}; {d 2.8830000000000006e01}; {d 2.8830000000000006e01}]
ans =

[{o + {o + {o * {d 3.1000000000000001e00} {s 2}} {o * {d 3.1000000000000001e00} {s 3}}} {o * {d 3.1000000000000001e00} {s 4}}}; {o + {o + {o * {d 3.1000000000000001e00} {s 2}} {o * {d 3.1000000000000001e00} {s 3}}} {o * {d 3.1000000000000001e00} {s 4}}}; {o + {o + {o * {d 3.1000000000000001e00} {s 2}} {o * {d 3.1000000000000001e00} {s 3}}} {o * {d 3.1000000000000001e00} {s 4}}}]
ans =

[{d 2.8830000000000006e01}; {d 2.8830000000000006e01}; {d 2.8830000000000006e01}]
ans =

[{d 2.8830000000000006e01}, {d 2.8830000000000006e01}, {d 2.8830000000000006e01}; {d 2.8830000000000006e01}, {d 2.8830000000000006e01}, {d 2.8830000000000006e01}; {d 2.8830000000000006e01}, {d 2.8830000000000006e01}, {d 2.8830000000000006e01}]
ans =

[{d 2.8830000000000006e01}, {d 2.8830000000000006e01}, {d 2.8830000000000006e01}; {d 2.8830000000000006e01}, {d 2.8830000000000006e01}, {d 2.8830000000000006e01}; {d 2.8830000000000006e01}, {d 2.8830000000000006e01}, {d 2.8830000000000006e01}]
ans =    1.0000e+00
ans =

{o / {s 1} {d 3.1000000000000001e00}}
ans =

{i 1}
ans =

   1.0000e+00
   1.0000e+00
   1.0000e+00

ans =

[{o / {s 2} {d 3.1000000000000001e00}}; {o / {s 3} {d 3.1000000000000001e00}}; {o / {s 4} {d 3.1000000000000001e00}}]
ans =

[{i 1}; {i 1}; {i 1}]
ans =

   1.0000e+00   1.0000e+00   1.0000e+00
   1.0000e+00   1.0000e+00   1.0000e+00
   1.0000e+00   1.0000e+00   1.0000e+00

ans =

[{i 1}, {i 1}, {i 1}; {i 1}, {i 1}, {i 1}; {i 1}, {i 1}, {i 1}]
ans =

{o / {d 3.1000000000000001e00} {s 1}}
ans =

{i 1}
ans =

{o / {d 3.1000000000000001e00} {s 1}}
ans =

[{o / {d 3.1000000000000001e00} {s 1}}; {o / {d 3.1000000000000001e00} {s 1}}; {o / {d 3.1000000000000001e00} {s 1}}]
ans =

[{o / {s 2} {s 1}}; {o / {s 3} {s 1}}; {o / {s 4} {s 1}}]
ans =

[{o / {d 3.1000000000000001e00} {s 1}}; {o / {d 3.1000000000000001e00} {s 1}}; {o / {d 3.1000000000000001e00} {s 1}}]
ans =

[{o / {d 3.1000000000000001e00} {s 1}}, {o / {d 3.1000000000000001e00} {s 1}}, {o / {d 3.1000000000000001e00} {s 1}}; {o / {d 3.1000000000000001e00} {s 1}}, {o / {d 3.1000000000000001e00} {s 1}}, {o / {d 3.1000000000000001e00} {s 1}}; {o / {d 3.1000000000000001e00} {s 1}}, {o / {d 3.1000000000000001e00} {s 1}}, {o / {d 3.1000000000000001e00} {s 1}}]
ans =

[{o / {d 3.1000000000000001e00} {s 1}}, {o / {d 3.1000000000000001e00} {s 1}}, {o / {d 3.1000000000000001e00} {s 1}}; {o / {d 3.1000000000000001e00} {s 1}}, {o / {d 3.1000000000000001e00} {s 1}}, {o / {d 3.1000000000000001e00} {s 1}}; {o / {d 3.1000000000000001e00} {s 1}}, {o / {d 3.1000000000000001e00} {s 1}}, {o / {d 3.1000000000000001e00} {s 1}}]
ans =

{i 1}
ans =

{o / {s 1} {d 3.1000000000000001e00}}
ans =

{i 1}
ans =

[{i 1}; {i 1}; {i 1}]
ans =

[{o / {s 2} {d 3.1000000000000001e00}}; {o / {s 3} {d 3.1000000000000001e00}}; {o / {s 4} {d 3.1000000000000001e00}}]
ans =

[{i 1}; {i 1}; {i 1}]
ans =

[{i 1}, {i 1}, {i 1}; {i 1}, {i 1}, {i 1}; {i 1}, {i 1}, {i 1}]
ans =

[{i 1}, {i 1}, {i 1}; {i 1}, {i 1}, {i 1}; {i 1}, {i 1}, {i 1}]
ans =    6.2000e+00
ans =

{o + {s 1} {d 3.1000000000000001e00}}
ans =

{d 6.2000000000000002e00}
ans =

{o + {d 3.1000000000000001e00} {s 1}}
ans =

{o + {s 1} {s 1}}
ans =

{o + {d 3.1000000000000001e00} {s 1}}
ans =

{d 6.2000000000000002e00}
ans =

{o + {s 1} {d 3.1000000000000001e00}}
ans =

{d 6.2000000000000002e00}
ans =

   6.2000e+00
   6.2000e+00
   6.2000e+00

ans =

[{o + {s 2} {d 3.1000000000000001e00}}; {o + {s 3} {d 3.1000000000000001e00}}; {o + {s 4} {d 3.1000000000000001e00}}]
ans =

[{d 6.2000000000000002e00}; {d 6.2000000000000002e00}; {d 6.2000000000000002e00}]
ans =

[{o + {d 3.1000000000000001e00} {s 2}}; {o + {d 3.1000000000000001e00} {s 3}}; {o + {d 3.1000000000000001e00} {s 4}}]
ans =

[{o + {s 2} {s 2}}; {o + {s 3} {s 3}}; {o + {s 4} {s 4}}]
ans =

[{o + {d 3.1000000000000001e00} {s 2}}; {o + {d 3.1000000000000001e00} {s 3}}; {o + {d 3.1000000000000001e00} {s 4}}]
ans =

[{d 6.2000000000000002e00}; {d 6.2000000000000002e00}; {d 6.2000000000000002e00}]
ans =

[{o + {s 2} {d 3.1000000000000001e00}}; {o + {s 3} {d 3.1000000000000001e00}}; {o + {s 4} {d 3.1000000000000001e00}}]
ans =

[{d 6.2000000000000002e00}; {d 6.2000000000000002e00}; {d 6.2000000000000002e00}]
ans =

   6.2000e+00   6.2000e+00   6.2000e+00
   6.2000e+00   6.2000e+00   6.2000e+00
   6.2000e+00   6.2000e+00   6.2000e+00

ans =

[{d 6.2000000000000002e00}, {d 6.2000000000000002e00}, {d 6.2000000000000002e00}; {d 6.2000000000000002e00}, {d 6.2000000000000002e00}, {d 6.2000000000000002e00}; {d 6.2000000000000002e00}, {d 6.2000000000000002e00}, {d 6.2000000000000002e00}]
ans =

[{d 6.2000000000000002e00}, {d 6.2000000000000002e00}, {d 6.2000000000000002e00}; {d 6.2000000000000002e00}, {d 6.2000000000000002e00}, {d 6.2000000000000002e00}; {d 6.2000000000000002e00}, {d 6.2000000000000002e00}, {d 6.2000000000000002e00}]
ans =

[{d 6.2000000000000002e00}, {d 6.2000000000000002e00}, {d 6.2000000000000002e00}; {d 6.2000000000000002e00}, {d 6.2000000000000002e00}, {d 6.2000000000000002e00}; {d 6.2000000000000002e00}, {d 6.2000000000000002e00}, {d 6.2000000000000002e00}]
ans =    0.0000e+00
ans =

{o - {s 1} {d 3.1000000000000001e00}}
ans =

{i 0}
ans =

{o - {d 3.1000000000000001e00} {s 1}}
ans =

{o - {s 1} {s 1}}
ans =

{o - {d 3.1000000000000001e00} {s 1}}
ans =

{i 0}
ans =

{o - {s 1} {d 3.1000000000000001e00}}
ans =

{i 0}
ans =

   0.0000e+00
   0.0000e+00
   0.0000e+00

ans =

[{o - {s 2} {d 3.1000000000000001e00}}; {o - {s 3} {d 3.1000000000000001e00}}; {o - {s 4} {d 3.1000000000000001e00}}]
ans =

[{i 0}; {i 0}; {i 0}]
ans =

[{o - {d 3.1000000000000001e00} {s 2}}; {o - {d 3.1000000000000001e00} {s 3}}; {o - {d 3.1000000000000001e00} {s 4}}]
ans =

[{o - {s 2} {s 2}}; {o - {s 3} {s 3}}; {o - {s 4} {s 4}}]
ans =

[{o - {d 3.1000000000000001e00} {s 2}}; {o - {d 3.1000000000000001e00} {s 3}}; {o - {d 3.1000000000000001e00} {s 4}}]
ans =

[{i 0}; {i 0}; {i 0}]
ans =

[{o - {s 2} {d 3.1000000000000001e00}}; {o - {s 3} {d 3.1000000000000001e00}}; {o - {s 4} {d 3.1000000000000001e00}}]
ans =

[{i 0}; {i 0}; {i 0}]
ans =

   0.0000e+00   0.0000e+00   0.0000e+00
   0.0000e+00   0.0000e+00   0.0000e+00
   0.0000e+00   0.0000e+00   0.0000e+00

ans =

[{i 0}, {i 0}, {i 0}; {i 0}, {i 0}, {i 0}; {i 0}, {i 0}, {i 0}]
ans =

[{i 0}, {i 0}, {i 0}; {i 0}, {i 0}, {i 0}; {i 0}, {i 0}, {i 0}]
ans =

[{i 0}, {i 0}, {i 0}; {i 0}, {i 0}, {i 0}; {i 0}, {i 0}, {i 0}]
ans =    4.1581e-02
ans =

   4.1581e-02
   4.1581e-02
   4.1581e-02

ans =

   4.1581e-02   4.1581e-02   4.1581e-02
   4.1581e-02   4.1581e-02   4.1581e-02
   4.1581e-02   4.1581e-02   4.1581e-02

ans =

{o sin {s 1}}
ans =

{d 4.1580662433290492e-02}
ans =

   3.1000e+00   3.1000e+00   3.1000e+00
   3.1000e+00   3.1000e+00   3.1000e+00
   3.1000e+00   3.1000e+00   3.1000e+00

ans =

[{d 3.1000000000000001e00}, {d 3.1000000000000001e00}, {d 3.1000000000000001e00}; {d 3.1000000000000001e00}, {d 3.1000000000000001e00}, {d 3.1000000000000001e00}; {d 3.1000000000000001e00}, {d 3.1000000000000001e00}, {d 3.1000000000000001e00}]
ans =    5.3694e+00
ans =

{o sqrt {o + {o + {o pow {s 2} {i 2}} {o pow {s 3} {i 2}}} {o pow {s 4} {i 2}}}}
ans =

{d 5.3693575034635197e00}
ans =

   3.1000e+00
   3.1000e+00

ans =

[{d 3.1000000000000001e00}; {s 1}]
ans =

[{d 3.1000000000000001e00}; {d 3.1000000000000001e00}]
ans =

[{s 1}; {d 3.1000000000000001e00}]
ans =

[{s 1}; {s 1}]
ans =

[{s 1}; {d 3.1000000000000001e00}]
ans =

[{d 3.1000000000000001e00}; {d 3.1000000000000001e00}]
ans =

[{d 3.1000000000000001e00}; {s 1}]
ans =

[{d 3.1000000000000001e00}; {d 3.1000000000000001e00}]
ans =

   3.1000e+00   3.1000e+00

ans =

[{d 3.1000000000000001e00}, {s 1}]
ans =

[{d 3.1000000000000001e00}, {d 3.1000000000000001e00}]
ans =

[{s 1}, {d 3.1000000000000001e00}]
ans =

[{s 1}, {s 1}]
ans =

[{s 1}, {d 3.1000000000000001e00}]
ans =

[{d 3.1000000000000001e00}, {d 3.1000000000000001e00}]
ans =

[{d 3.1000000000000001e00}, {s 1}]
ans =

[{d 3.1000000000000001e00}, {d 3.1000000000000001e00}]
ans =

   3.1000e+00   3.1000e+00
   3.1000e+00   3.1000e+00
   3.1000e+00   3.1000e+00

ans =

[{d 3.1000000000000001e00}, {s 2}; {d 3.1000000000000001e00}, {s 3}; {d 3.1000000000000001e00}, {s 4}]
ans =

[{d 3.1000000000000001e00}, {d 3.1000000000000001e00}; {d 3.1000000000000001e00}, {d 3.1000000000000001e00}; {d 3.1000000000000001e00}, {d 3.1000000000000001e00}]
ans =

[{s 2}, {d 3.1000000000000001e00}; {s 3}, {d 3.1000000000000001e00}; {s 4}, {d 3.1000000000000001e00}]
ans =

[{s 2}, {s 2}; {s 3}, {s 3}; {s 4}, {s 4}]
ans =

[{s 2}, {d 3.1000000000000001e00}; {s 3}, {d 3.1000000000000001e00}; {s 4}, {d 3.1000000000000001e00}]
ans =

[{d 3.1000000000000001e00}, {d 3.1000000000000001e00}; {d 3.1000000000000001e00}, {d 3.1000000000000001e00}; {d 3.1000000000000001e00}, {d 3.1000000000000001e00}]
ans =

[{d 3.1000000000000001e00}, {s 2}; {d 3.1000000000000001e00}, {s 3}; {d 3.1000000000000001e00}, {s 4}]
ans =

[{d 3.1000000000000001e00}, {d 3.1000000000000001e00}; {d 3.1000000000000001e00}, {d 3.1000000000000001e00}; {d 3.1000000000000001e00}, {d 3.1000000000000001e00}]
ans =

[{i 0}, {i 0}, {i 0}; {i 0}, {i 0}, {i 0}]
ans =

   1.0000e+00   0.0000e+00   0.0000e+00
   0.0000e+00  -9.9914e-01  -4.1581e-02
   0.0000e+00   4.1581e-02  -9.9914e-01

ans =

  -9.9914e-01   0.0000e+00   4.1581e-02
   0.0000e+00   1.0000e+00   0.0000e+00
  -4.1581e-02   0.0000e+00  -9.9914e-01

ans =

  -9.9914e-01  -4.1581e-02   0.0000e+00
   4.1581e-02  -9.9914e-01   0.0000e+00
   0.0000e+00   0.0000e+00   1.0000e+00

ans =

  -9.8879e-01  -1.2402e-01  -8.3089e-02
  -1.2092e-01   9.9180e-01  -4.1437e-02
   8.7547e-02  -3.0925e-02  -9.9568e-01

ans =

   9.8621e-01   1.6546e-01  -3.4549e-03
  -1.6517e-01   9.8276e-01  -8.3018e-02
  -1.0341e-02   8.2443e-02   9.9654e-01

ans =

   9.9827e-01   4.1545e-02   4.1581e-02
  -4.3272e-02   9.9820e-01   4.1545e-02
  -3.9780e-02  -4.3272e-02   9.9827e-01

ans =

   1.0000e+00   3.5930e-05   1.7290e-03
  -3.5930e-05  -9.9914e-01   4.1545e-02
   1.7290e-03  -4.1545e-02  -9.9914e-01

ans =

   0.0000e+00  -3.1000e+00   3.1000e+00
   3.1000e+00   0.0000e+00  -3.1000e+00
  -3.1000e+00   3.1000e+00   0.0000e+00

ans =

   3.1000e+00
   3.1000e+00
   3.1000e+00

ans =

[{d 1.0e00}, {d 0.0e00}, {d 0.0e00}; {d 0.0e00}, {o cos {s 1}}, {o neg {o sin {s 1}}}; {d 0.0e00}, {o sin {s 1}}, {o cos {s 1}}]
ans =

[{o cos {s 1}}, {d 0.0e00}, {o sin {s 1}}; {d 0.0e00}, {d 1.0e00}, {d 0.0e00}; {o neg {o sin {s 1}}}, {d 0.0e00}, {o cos {s 1}}]
ans =

[{o cos {s 1}}, {o neg {o sin {s 1}}}, {d 0.0e00}; {o sin {s 1}}, {o cos {s 1}}, {d 0.0e00}; {d 0.0e00}, {d 0.0e00}, {d 1.0e00}]
ans =

[{o * {o cos {o * {s 1} {d 2.0e00}}} {o cos {o * {s 1} {d 3.0e00}}}}, {o * {o neg {o cos {o * {s 1} {d 2.0e00}}}} {o sin {o * {s 1} {d 3.0e00}}}}, {o sin {o * {s 1} {d 2.0e00}}}; {o + {o * {o cos {s 1}} {o sin {o * {s 1} {d 3.0e00}}}} {o * {o * {o sin {s 1}} {o sin {o * {s 1} {d 2.0e00}}}} {o cos {o * {s 1} {d 3.0e00}}}}}, {o - {o * {o cos {s 1}} {o cos {o * {s 1} {d 3.0e00}}}} {o * {o * {o sin {s 1}} {o sin {o * {s 1} {d 2.0e00}}}} {o sin {o * {s 1} {d 3.0e00}}}}}, {o * {o neg {o sin {s 1}}} {o cos {o * {s 1} {d 2.0e00}}}}; {o - {o * {o sin {s 1}} {o sin {o * {s 1} {d 3.0e00}}}} {o * {o * {o cos {s 1}} {o sin {o * {s 1} {d 2.0e00}}}} {o cos {o * {s 1} {d 3.0e00}}}}}, {o + {o * {o * {o cos {s 1}} {o sin {o * {s 1} {d 2.0e00}}}} {o sin {o * {s 1} {d 3.0e00}}}} {o * {o sin {s 1}} {o cos {o * {s 1} {d 3.0e00}}}}}, {o * {o cos {s 1}} {o cos {o * {s 1} {d 2.0e00}}}}]
ans =

[{o - {o * {o cos {o * {s 1} {d 3.0e00}}} {o cos {s 1}}} {o * {o * {o sin {o * {s 1} {d 3.0e00}}} {o cos {o * {s 1} {d 2.0e00}}}} {o sin {s 1}}}}, {o - {o * {o * {o neg {o cos {o * {s 1} {d 3.0e00}}}} {o cos {o * {s 1} {d 2.0e00}}}} {o sin {s 1}}} {o * {o sin {o * {s 1} {d 3.0e00}}} {o cos {s 1}}}}, {o * {o sin {o * {s 1} {d 2.0e00}}} {o sin {s 1}}}; {o + {o * {o cos {o * {s 1} {d 3.0e00}}} {o sin {s 1}}} {o * {o * {o sin {o * {s 1} {d 3.0e00}}} {o cos {o * {s 1} {d 2.0e00}}}} {o cos {s 1}}}}, {o - {o * {o * {o cos {o * {s 1} {d 3.0e00}}} {o cos {o * {s 1} {d 2.0e00}}}} {o cos {s 1}}} {o * {o sin {o * {s 1} {d 3.0e00}}} {o sin {s 1}}}}, {o * {o neg {o sin {o * {s 1} {d 2.0e00}}}} {o cos {s 1}}}; {o * {o sin {o * {s 1} {d 3.0e00}}} {o sin {o * {s 1} {d 2.0e00}}}}, {o * {o cos {o * {s 1} {d 3.0e00}}} {o sin {o * {s 1} {d 2.0e00}}}}, {o cos {o * {s 1} {d 2.0e00}}}]
ans =

[{o * {o cos {s 3}} {o cos {s 4}}}, {o * {o neg {o cos {s 3}}} {o sin {s 4}}}, {o sin {s 3}}; {o + {o * {o cos {s 2}} {o sin {s 4}}} {o * {o * {o sin {s 2}} {o sin {s 3}}} {o cos {s 4}}}}, {o - {o * {o cos {s 2}} {o cos {s 4}}} {o * {o * {o sin {s 2}} {o sin {s 3}}} {o sin {s 4}}}}, {o * {o neg {o sin {s 2}}} {o cos {s 3}}}; {o - {o * {o sin {s 2}} {o sin {s 4}}} {o * {o * {o cos {s 2}} {o sin {s 3}}} {o cos {s 4}}}}, {o + {o * {o * {o cos {s 2}} {o sin {s 3}}} {o sin {s 4}}} {o * {o sin {s 2}} {o cos {s 4}}}}, {o * {o cos {s 2}} {o cos {s 3}}}]
ans =

[{o - {o * {o cos {s 4}} {o cos {s 2}}} {o * {o * {o sin {s 4}} {o cos {s 3}}} {o sin {s 2}}}}, {o - {o * {o * {o neg {o cos {s 4}}} {o cos {s 3}}} {o sin {s 2}}} {o * {o sin {s 4}} {o cos {s 2}}}}, {o * {o sin {s 3}} {o sin {s 2}}}; {o + {o * {o cos {s 4}} {o sin {s 2}}} {o * {o * {o sin {s 4}} {o cos {s 3}}} {o cos {s 2}}}}, {o - {o * {o * {o cos {s 4}} {o cos {s 3}}} {o cos {s 2}}} {o * {o sin {s 4}} {o sin {s 2}}}}, {o * {o neg {o sin {s 3}}} {o cos {s 2}}}; {o * {o sin {s 4}} {o sin {s 3}}}, {o * {o cos {s 4}} {o sin {s 3}}}, {o cos {s 3}}]
ans =

[{d 0.0e00}, {o neg {s 4}}, {s 3}; {s 4}, {d 0.0e00}, {o neg {s 2}}; {o neg {s 3}}, {s 2}, {d 0.0e00}]
ans =

[{d 1.0e00}, {d 0.0e00}, {d 0.0e00}; {d 0.0e00}, {d -9.991351502732794e-01}, {d -4.1580662433290492e-02}; {d 0.0e00}, {d 4.1580662433290492e-02}, {d -9.991351502732794e-01}]
ans =

[{d -9.991351502732794e-01}, {d 0.0e00}, {d 4.1580662433290492e-02}; {d 0.0e00}, {d 1.0e00}, {d 0.0e00}; {d -4.1580662433290492e-02}, {d 0.0e00}, {d -9.991351502732794e-01}]
ans =

[{d -9.991351502732794e-01}, {d -4.1580662433290492e-02}, {d 0.0e00}; {d 4.1580662433290492e-02}, {d -9.991351502732794e-01}, {d 0.0e00}; {d 0.0e00}, {d 0.0e00}, {d 1.0e00}]
ans =

[{d -9.887943065460819e-01}, {d -1.2402407218554288e-01}, {d -8.3089402817496403e-02}; {d -1.209187375421446e-01}, {d 9.9179717878333662e-01}, {d -4.1436880536885834e-02}; {d 8.7547005964035592e-02}, {d -3.0925485864080482e-02}, {d -9.9568023786294156e-01}]
ans =

[{d 9.8621019657189138e-01}, {d 1.6546151140935468e-01}, {d -3.4549124103380136e-03}; {d -1.6517419631601294e-01}, {d 9.827642506881059e-01}, {d -8.3017542970176308e-02}; {d -1.0340843727197542e-02}, {d 8.244340975225283e-02}, {d 9.9654209702321754e-01}]
ans =

[{d 9.9827104851160868e-01}, {d 4.1544701408748202e-02}, {d 4.1580662433290492e-02}; {d -4.3272157613917211e-02}, {d 9.9819915756340638e-01}, {d 4.1544701408748202e-02}; {d -3.97798199966969e-02}, {d -4.3272157613917211e-02}, {d 9.9827104851160868e-01}]
ans =

[{d 9.9999850471677778e-01}, {d 3.592992366004133e-05}, {d 1.7289514883912552e-03}; {d -3.592992366004133e-05}, {d -9.991366455565018e-01}, {d 4.1544701408748202e-02}; {d 1.7289514883912552e-03}, {d -4.1544701408748202e-02}, {d -9.991351502732794e-01}]
ans =

[{d 0.0e00}, {d -3.1000000000000001e00}, {d 3.1000000000000001e00}; {d 3.1000000000000001e00}, {d 0.0e00}, {d -3.1000000000000001e00}; {d -3.1000000000000001e00}, {d 3.1000000000000001e00}, {d 0.0e00}]
ans =

[{d 0.0e00}, {d -3.1000000000000001e00}, {d 3.1000000000000001e00}; {d 3.1000000000000001e00}, {d 0.0e00}, {d -3.1000000000000001e00}; {d -3.1000000000000001e00}, {d 3.1000000000000001e00}, {d 0.0e00}]
