cs =  3.1000
is =

{ s 1 }
ss =

{ d 3.1 }
cv =

   3.1000
   3.1000
   3.1000

iv =

[{ s 2 }; { s 3 }; { s 4 }]
sv =

[{ d 3.1 }; { d 3.1 }; { d 3.1 }]
cm =

   3.1000   3.1000   3.1000
   3.1000   3.1000   3.1000
   3.1000   3.1000   3.1000

sm =

[{ d 3.1 }, { d 3.1 }, { d 3.1 }; { d 3.1 }, { d 3.1 }, { d 3.1 }; { d 3.1 }, { d 3.1 }, { d 3.1 }]
ans =  9.6100
ans =

{ o * 2 d 3.1 s 1 }
ans =

{ d 9.610000000000001 }
ans =

   9.6100
   9.6100
   9.6100

ans =

[{ o * 2 s 2 d 3.1 }; { o * 2 s 3 d 3.1 }; { o * 2 s 4 d 3.1 }]
ans =

[{ d 9.610000000000001 }; { d 9.610000000000001 }; { d 9.610000000000001 }]
ans =

   9.6100   9.6100   9.6100
   9.6100   9.6100   9.6100
   9.6100   9.6100   9.6100

ans =

[{ d 9.610000000000001 }, { d 9.610000000000001 }, { d 9.610000000000001 }; { d 9.610000000000001 }, { d 9.610000000000001 }, { d 9.610000000000001 }; { d 9.610000000000001 }, { d 9.610000000000001 }, { d 9.610000000000001 }]
ans =

{ o * 2 s 1 d 3.1 }
ans =

{ o pow 2 s 1 i 2 }
ans =

{ o * 2 s 1 d 3.1 }
ans =

[{ o * 2 d 3.1 s 1 }; { o * 2 d 3.1 s 1 }; { o * 2 d 3.1 s 1 }]
ans =

[{ o * 2 s 2 s 1 }; { o * 2 s 3 s 1 }; { o * 2 s 4 s 1 }]
ans =

[{ o * 2 d 3.1 s 1 }; { o * 2 d 3.1 s 1 }; { o * 2 d 3.1 s 1 }]
ans =

[{ o * 2 d 3.1 s 1 }, { o * 2 d 3.1 s 1 }, { o * 2 d 3.1 s 1 }; { o * 2 d 3.1 s 1 }, { o * 2 d 3.1 s 1 }, { o * 2 d 3.1 s 1 }; { o * 2 d 3.1 s 1 }, { o * 2 d 3.1 s 1 }, { o * 2 d 3.1 s 1 }]
ans =

[{ o * 2 d 3.1 s 1 }, { o * 2 d 3.1 s 1 }, { o * 2 d 3.1 s 1 }; { o * 2 d 3.1 s 1 }, { o * 2 d 3.1 s 1 }, { o * 2 d 3.1 s 1 }; { o * 2 d 3.1 s 1 }, { o * 2 d 3.1 s 1 }, { o * 2 d 3.1 s 1 }]
ans =

{ d 9.610000000000001 }
ans =

{ o * 2 d 3.1 s 1 }
ans =

{ d 9.610000000000001 }
ans =

[{ d 9.610000000000001 }; { d 9.610000000000001 }; { d 9.610000000000001 }]
ans =

[{ o * 2 s 2 d 3.1 }; { o * 2 s 3 d 3.1 }; { o * 2 s 4 d 3.1 }]
ans =

[{ d 9.610000000000001 }; { d 9.610000000000001 }; { d 9.610000000000001 }]
ans =

[{ d 9.610000000000001 }, { d 9.610000000000001 }, { d 9.610000000000001 }; { d 9.610000000000001 }, { d 9.610000000000001 }, { d 9.610000000000001 }; { d 9.610000000000001 }, { d 9.610000000000001 }, { d 9.610000000000001 }]
ans =

[{ d 9.610000000000001 }, { d 9.610000000000001 }, { d 9.610000000000001 }; { d 9.610000000000001 }, { d 9.610000000000001 }, { d 9.610000000000001 }; { d 9.610000000000001 }, { d 9.610000000000001 }, { d 9.610000000000001 }]
ans =

   9.6100
   9.6100
   9.6100

ans =

[{ o * 2 d 3.1 s 1 }; { o * 2 d 3.1 s 1 }; { o * 2 d 3.1 s 1 }]
ans =

[{ d 9.610000000000001 }; { d 9.610000000000001 }; { d 9.610000000000001 }]
ans =

[{ o * 2 s 2 d 3.1 }; { o * 2 s 3 d 3.1 }; { o * 2 s 4 d 3.1 }]
ans =

[{ o * 2 s 2 s 1 }; { o * 2 s 3 s 1 }; { o * 2 s 4 s 1 }]
ans =

[{ o * 2 s 2 d 3.1 }; { o * 2 s 3 d 3.1 }; { o * 2 s 4 d 3.1 }]
ans =

[{ d 9.610000000000001 }; { d 9.610000000000001 }; { d 9.610000000000001 }]
ans =

[{ o * 2 d 3.1 s 1 }; { o * 2 d 3.1 s 1 }; { o * 2 d 3.1 s 1 }]
ans =

[{ d 9.610000000000001 }; { d 9.610000000000001 }; { d 9.610000000000001 }]
ans =

   9.6100   9.6100   9.6100
   9.6100   9.6100   9.6100
   9.6100   9.6100   9.6100

ans =

[{ o * 2 d 3.1 s 1 }, { o * 2 d 3.1 s 1 }, { o * 2 d 3.1 s 1 }; { o * 2 d 3.1 s 1 }, { o * 2 d 3.1 s 1 }, { o * 2 d 3.1 s 1 }; { o * 2 d 3.1 s 1 }, { o * 2 d 3.1 s 1 }, { o * 2 d 3.1 s 1 }]
ans =

[{ d 9.610000000000001 }, { d 9.610000000000001 }, { d 9.610000000000001 }; { d 9.610000000000001 }, { d 9.610000000000001 }, { d 9.610000000000001 }; { d 9.610000000000001 }, { d 9.610000000000001 }, { d 9.610000000000001 }]
ans =

   28.830
   28.830
   28.830

ans =

[{ o + 2 o + 2 o * 2 d 3.1 s 2 o * 2 d 3.1 s 3 o * 2 d 3.1 s 4 }; { o + 2 o + 2 o * 2 d 3.1 s 2 o * 2 d 3.1 s 3 o * 2 d 3.1 s 4 }; { o + 2 o + 2 o * 2 d 3.1 s 2 o * 2 d 3.1 s 3 o * 2 d 3.1 s 4 }]
ans =

[{ d 28.83000000000001 }; { d 28.83000000000001 }; { d 28.83000000000001 }]
ans =

   28.830   28.830   28.830
   28.830   28.830   28.830
   28.830   28.830   28.830

ans =

[{ d 28.83000000000001 }, { d 28.83000000000001 }, { d 28.83000000000001 }; { d 28.83000000000001 }, { d 28.83000000000001 }, { d 28.83000000000001 }; { d 28.83000000000001 }, { d 28.83000000000001 }, { d 28.83000000000001 }]
ans =

[{ d 9.610000000000001 }, { d 9.610000000000001 }, { d 9.610000000000001 }; { d 9.610000000000001 }, { d 9.610000000000001 }, { d 9.610000000000001 }; { d 9.610000000000001 }, { d 9.610000000000001 }, { d 9.610000000000001 }]
ans =

[{ o * 2 d 3.1 s 1 }, { o * 2 d 3.1 s 1 }, { o * 2 d 3.1 s 1 }; { o * 2 d 3.1 s 1 }, { o * 2 d 3.1 s 1 }, { o * 2 d 3.1 s 1 }; { o * 2 d 3.1 s 1 }, { o * 2 d 3.1 s 1 }, { o * 2 d 3.1 s 1 }]
ans =

[{ d 9.610000000000001 }, { d 9.610000000000001 }, { d 9.610000000000001 }; { d 9.610000000000001 }, { d 9.610000000000001 }, { d 9.610000000000001 }; { d 9.610000000000001 }, { d 9.610000000000001 }, { d 9.610000000000001 }]
ans =

[{ d 28.83000000000001 }; { d 28.83000000000001 }; { d 28.83000000000001 }]
ans =

[{ o + 2 o + 2 o * 2 d 3.1 s 2 o * 2 d 3.1 s 3 o * 2 d 3.1 s 4 }; { o + 2 o + 2 o * 2 d 3.1 s 2 o * 2 d 3.1 s 3 o * 2 d 3.1 s 4 }; { o + 2 o + 2 o * 2 d 3.1 s 2 o * 2 d 3.1 s 3 o * 2 d 3.1 s 4 }]
ans =

[{ d 28.83000000000001 }; { d 28.83000000000001 }; { d 28.83000000000001 }]
ans =

[{ d 28.83000000000001 }, { d 28.83000000000001 }, { d 28.83000000000001 }; { d 28.83000000000001 }, { d 28.83000000000001 }, { d 28.83000000000001 }; { d 28.83000000000001 }, { d 28.83000000000001 }, { d 28.83000000000001 }]
ans =

[{ d 28.83000000000001 }, { d 28.83000000000001 }, { d 28.83000000000001 }; { d 28.83000000000001 }, { d 28.83000000000001 }, { d 28.83000000000001 }; { d 28.83000000000001 }, { d 28.83000000000001 }, { d 28.83000000000001 }]
ans =  1
ans =

{ o / 2 s 1 d 3.1 }
ans =

{ i 1 }
ans =

   1
   1
   1

ans =

[{ o / 2 s 2 d 3.1 }; { o / 2 s 3 d 3.1 }; { o / 2 s 4 d 3.1 }]
ans =

[{ i 1 }; { i 1 }; { i 1 }]
ans =

   1   1   1
   1   1   1
   1   1   1

ans =

[{ i 1 }, { i 1 }, { i 1 }; { i 1 }, { i 1 }, { i 1 }; { i 1 }, { i 1 }, { i 1 }]
ans =

{ o / 2 d 3.1 s 1 }
ans =

{ i 1 }
ans =

{ o / 2 d 3.1 s 1 }
ans =

[{ o / 2 d 3.1 s 1 }; { o / 2 d 3.1 s 1 }; { o / 2 d 3.1 s 1 }]
ans =

[{ o / 2 s 2 s 1 }; { o / 2 s 3 s 1 }; { o / 2 s 4 s 1 }]
ans =

[{ o / 2 d 3.1 s 1 }; { o / 2 d 3.1 s 1 }; { o / 2 d 3.1 s 1 }]
ans =

[{ o / 2 d 3.1 s 1 }, { o / 2 d 3.1 s 1 }, { o / 2 d 3.1 s 1 }; { o / 2 d 3.1 s 1 }, { o / 2 d 3.1 s 1 }, { o / 2 d 3.1 s 1 }; { o / 2 d 3.1 s 1 }, { o / 2 d 3.1 s 1 }, { o / 2 d 3.1 s 1 }]
ans =

[{ o / 2 d 3.1 s 1 }, { o / 2 d 3.1 s 1 }, { o / 2 d 3.1 s 1 }; { o / 2 d 3.1 s 1 }, { o / 2 d 3.1 s 1 }, { o / 2 d 3.1 s 1 }; { o / 2 d 3.1 s 1 }, { o / 2 d 3.1 s 1 }, { o / 2 d 3.1 s 1 }]
ans =

{ i 1 }
ans =

{ o / 2 s 1 d 3.1 }
ans =

{ i 1 }
ans =

[{ i 1 }; { i 1 }; { i 1 }]
ans =

[{ o / 2 s 2 d 3.1 }; { o / 2 s 3 d 3.1 }; { o / 2 s 4 d 3.1 }]
ans =

[{ i 1 }; { i 1 }; { i 1 }]
ans =

[{ i 1 }, { i 1 }, { i 1 }; { i 1 }, { i 1 }, { i 1 }; { i 1 }, { i 1 }, { i 1 }]
ans =

[{ i 1 }, { i 1 }, { i 1 }; { i 1 }, { i 1 }, { i 1 }; { i 1 }, { i 1 }, { i 1 }]
ans =  6.2000
ans =

{ o + 2 s 1 d 3.1 }
ans =

{ d 6.2 }
ans =

{ o + 2 d 3.1 s 1 }
ans =

{ o + 2 s 1 s 1 }
ans =

{ o + 2 d 3.1 s 1 }
ans =

{ d 6.2 }
ans =

{ o + 2 s 1 d 3.1 }
ans =

{ d 6.2 }
ans =

   6.2000
   6.2000
   6.2000

ans =

[{ o + 2 s 2 d 3.1 }; { o + 2 s 3 d 3.1 }; { o + 2 s 4 d 3.1 }]
ans =

[{ d 6.2 }; { d 6.2 }; { d 6.2 }]
ans =

[{ o + 2 d 3.1 s 2 }; { o + 2 d 3.1 s 3 }; { o + 2 d 3.1 s 4 }]
ans =

[{ o + 2 s 2 s 2 }; { o + 2 s 3 s 3 }; { o + 2 s 4 s 4 }]
ans =

[{ o + 2 d 3.1 s 2 }; { o + 2 d 3.1 s 3 }; { o + 2 d 3.1 s 4 }]
ans =

[{ d 6.2 }; { d 6.2 }; { d 6.2 }]
ans =

[{ o + 2 s 2 d 3.1 }; { o + 2 s 3 d 3.1 }; { o + 2 s 4 d 3.1 }]
ans =

[{ d 6.2 }; { d 6.2 }; { d 6.2 }]
ans =

   6.2000   6.2000   6.2000
   6.2000   6.2000   6.2000
   6.2000   6.2000   6.2000

ans =

[{ d 6.2 }, { d 6.2 }, { d 6.2 }; { d 6.2 }, { d 6.2 }, { d 6.2 }; { d 6.2 }, { d 6.2 }, { d 6.2 }]
ans =

[{ d 6.2 }, { d 6.2 }, { d 6.2 }; { d 6.2 }, { d 6.2 }, { d 6.2 }; { d 6.2 }, { d 6.2 }, { d 6.2 }]
ans =

[{ d 6.2 }, { d 6.2 }, { d 6.2 }; { d 6.2 }, { d 6.2 }, { d 6.2 }; { d 6.2 }, { d 6.2 }, { d 6.2 }]
ans = 0
ans =

{ o - 2 s 1 d 3.1 }
ans =

{ i 0 }
ans =

{ o - 2 d 3.1 s 1 }
ans =

{ o - 2 s 1 s 1 }
ans =

{ o - 2 d 3.1 s 1 }
ans =

{ i 0 }
ans =

{ o - 2 s 1 d 3.1 }
ans =

{ i 0 }
ans =

   0
   0
   0

ans =

[{ o - 2 s 2 d 3.1 }; { o - 2 s 3 d 3.1 }; { o - 2 s 4 d 3.1 }]
ans =

[{ i 0 }; { i 0 }; { i 0 }]
ans =

[{ o - 2 d 3.1 s 2 }; { o - 2 d 3.1 s 3 }; { o - 2 d 3.1 s 4 }]
ans =

[{ o - 2 s 2 s 2 }; { o - 2 s 3 s 3 }; { o - 2 s 4 s 4 }]
ans =

[{ o - 2 d 3.1 s 2 }; { o - 2 d 3.1 s 3 }; { o - 2 d 3.1 s 4 }]
ans =

[{ i 0 }; { i 0 }; { i 0 }]
ans =

[{ o - 2 s 2 d 3.1 }; { o - 2 s 3 d 3.1 }; { o - 2 s 4 d 3.1 }]
ans =

[{ i 0 }; { i 0 }; { i 0 }]
ans =

   0   0   0
   0   0   0
   0   0   0

ans =

[{ i 0 }, { i 0 }, { i 0 }; { i 0 }, { i 0 }, { i 0 }; { i 0 }, { i 0 }, { i 0 }]
ans =

[{ i 0 }, { i 0 }, { i 0 }; { i 0 }, { i 0 }, { i 0 }; { i 0 }, { i 0 }, { i 0 }]
ans =

[{ i 0 }, { i 0 }, { i 0 }; { i 0 }, { i 0 }, { i 0 }; { i 0 }, { i 0 }, { i 0 }]
ans =  0.041581
ans =

   0.041581
   0.041581
   0.041581

ans =

   0.041581   0.041581   0.041581
   0.041581   0.041581   0.041581
   0.041581   0.041581   0.041581

ans =

{ o sin 1 s 1 }
ans =

{ d 0.04158066243329049 }
ans =

   3.1000   3.1000   3.1000
   3.1000   3.1000   3.1000
   3.1000   3.1000   3.1000

ans =

[{ d 3.1 }, { d 3.1 }, { d 3.1 }; { d 3.1 }, { d 3.1 }, { d 3.1 }; { d 3.1 }, { d 3.1 }, { d 3.1 }]
ans =  5.3694
ans =

{ o sqrt 1 o + 2 o + 2 o pow 2 s 2 i 2 o pow 2 s 3 i 2 o pow 2 s 4 i 2 }
ans =

{ d 5.36935750346352 }
ans =

   3.1000
   3.1000

ans =

[{ d 3.1 }; { s 1 }]
ans =

[{ d 3.1 }; { d 3.1 }]
ans =

[{ s 1 }; { d 3.1 }]
ans =

[{ s 1 }; { s 1 }]
ans =

[{ s 1 }; { d 3.1 }]
ans =

[{ d 3.1 }; { d 3.1 }]
ans =

[{ d 3.1 }; { s 1 }]
ans =

[{ d 3.1 }; { d 3.1 }]
ans =

   3.1000   3.1000

ans =

[{ d 3.1 }, { s 1 }]
ans =

[{ d 3.1 }, { d 3.1 }]
ans =

[{ s 1 }, { d 3.1 }]
ans =

[{ s 1 }, { s 1 }]
ans =

[{ s 1 }, { d 3.1 }]
ans =

[{ d 3.1 }, { d 3.1 }]
ans =

[{ d 3.1 }, { s 1 }]
ans =

[{ d 3.1 }, { d 3.1 }]
ans =

   3.1000   3.1000
   3.1000   3.1000
   3.1000   3.1000

ans =

[{ d 3.1 }, { s 2 }; { d 3.1 }, { s 3 }; { d 3.1 }, { s 4 }]
ans =

[{ d 3.1 }, { d 3.1 }; { d 3.1 }, { d 3.1 }; { d 3.1 }, { d 3.1 }]
ans =

[{ s 2 }, { d 3.1 }; { s 3 }, { d 3.1 }; { s 4 }, { d 3.1 }]
ans =

[{ s 2 }, { s 2 }; { s 3 }, { s 3 }; { s 4 }, { s 4 }]
ans =

[{ s 2 }, { d 3.1 }; { s 3 }, { d 3.1 }; { s 4 }, { d 3.1 }]
ans =

[{ d 3.1 }, { d 3.1 }; { d 3.1 }, { d 3.1 }; { d 3.1 }, { d 3.1 }]
ans =

[{ d 3.1 }, { s 2 }; { d 3.1 }, { s 3 }; { d 3.1 }, { s 4 }]
ans =

[{ d 3.1 }, { d 3.1 }; { d 3.1 }, { d 3.1 }; { d 3.1 }, { d 3.1 }]
ans =

[{ i 0 }, { i 0 }, { i 0 }; { i 0 }, { i 0 }, { i 0 }]
ans =

   1.00000   0.00000   0.00000
   0.00000  -0.99914  -0.04158
   0.00000   0.04158  -0.99914

ans =

  -0.99914   0.00000   0.04158
   0.00000   1.00000   0.00000
  -0.04158   0.00000  -0.99914

ans =

  -0.99914  -0.04158   0.00000
   0.04158  -0.99914   0.00000
   0.00000   0.00000   1.00000

ans =

  -0.988794  -0.124024  -0.083089
  -0.120919   0.991797  -0.041437
   0.087547  -0.030925  -0.995680

ans =

   0.9862102   0.1654615  -0.0034549
  -0.1651742   0.9827643  -0.0830175
  -0.0103408   0.0824434   0.9965421

ans =

   0.998271   0.041545   0.041581
  -0.043272   0.998199   0.041545
  -0.039780  -0.043272   0.998271

ans =

   0.999998505   0.000035930   0.001728951
  -0.000035930  -0.999136646   0.041544701
   0.001728951  -0.041544701  -0.999135150

ans =

   0.00000  -3.10000   3.10000
   3.10000   0.00000  -3.10000
  -3.10000   3.10000   0.00000

ans =

   3.1000
   3.1000
   3.1000

ans =

[{ d 1 }, { d 0 }, { d 0 }; { d 0 }, { o cos 1 s 1 }, { o neg 1 o sin 1 s 1 }; { d 0 }, { o sin 1 s 1 }, { o cos 1 s 1 }]
ans =

[{ o cos 1 s 1 }, { d 0 }, { o sin 1 s 1 }; { d 0 }, { d 1 }, { d 0 }; { o neg 1 o sin 1 s 1 }, { d 0 }, { o cos 1 s 1 }]
ans =

[{ o cos 1 s 1 }, { o neg 1 o sin 1 s 1 }, { d 0 }; { o sin 1 s 1 }, { o cos 1 s 1 }, { d 0 }; { d 0 }, { d 0 }, { d 1 }]
ans =

[{ o * 2 o cos 1 o * 2 s 1 d 2 o cos 1 o * 2 s 1 d 3 }, { o * 2 o neg 1 o cos 1 o * 2 s 1 d 2 o sin 1 o * 2 s 1 d 3 }, { o sin 1 o * 2 s 1 d 2 }; { o + 2 o * 2 o cos 1 s 1 o sin 1 o * 2 s 1 d 3 o * 2 o * 2 o sin 1 s 1 o sin 1 o * 2 s 1 d 2 o cos 1 o * 2 s 1 d 3 }, { o - 2 o * 2 o cos 1 s 1 o cos 1 o * 2 s 1 d 3 o * 2 o * 2 o sin 1 s 1 o sin 1 o * 2 s 1 d 2 o sin 1 o * 2 s 1 d 3 }, { o * 2 o neg 1 o sin 1 s 1 o cos 1 o * 2 s 1 d 2 }; { o - 2 o * 2 o sin 1 s 1 o sin 1 o * 2 s 1 d 3 o * 2 o * 2 o cos 1 s 1 o sin 1 o * 2 s 1 d 2 o cos 1 o * 2 s 1 d 3 }, { o + 2 o * 2 o * 2 o cos 1 s 1 o sin 1 o * 2 s 1 d 2 o sin 1 o * 2 s 1 d 3 o * 2 o sin 1 s 1 o cos 1 o * 2 s 1 d 3 }, { o * 2 o cos 1 s 1 o cos 1 o * 2 s 1 d 2 }]
ans =

[{ o - 2 o * 2 o cos 1 o * 2 s 1 d 3 o cos 1 s 1 o * 2 o * 2 o sin 1 o * 2 s 1 d 3 o cos 1 o * 2 s 1 d 2 o sin 1 s 1 }, { o - 2 o * 2 o * 2 o neg 1 o cos 1 o * 2 s 1 d 3 o cos 1 o * 2 s 1 d 2 o sin 1 s 1 o * 2 o sin 1 o * 2 s 1 d 3 o cos 1 s 1 }, { o * 2 o sin 1 o * 2 s 1 d 2 o sin 1 s 1 }; { o + 2 o * 2 o cos 1 o * 2 s 1 d 3 o sin 1 s 1 o * 2 o * 2 o sin 1 o * 2 s 1 d 3 o cos 1 o * 2 s 1 d 2 o cos 1 s 1 }, { o - 2 o * 2 o * 2 o cos 1 o * 2 s 1 d 3 o cos 1 o * 2 s 1 d 2 o cos 1 s 1 o * 2 o sin 1 o * 2 s 1 d 3 o sin 1 s 1 }, { o * 2 o neg 1 o sin 1 o * 2 s 1 d 2 o cos 1 s 1 }; { o * 2 o sin 1 o * 2 s 1 d 3 o sin 1 o * 2 s 1 d 2 }, { o * 2 o cos 1 o * 2 s 1 d 3 o sin 1 o * 2 s 1 d 2 }, { o cos 1 o * 2 s 1 d 2 }]
ans =

[{ o * 2 o cos 1 s 3 o cos 1 s 4 }, { o * 2 o neg 1 o cos 1 s 3 o sin 1 s 4 }, { o sin 1 s 3 }; { o + 2 o * 2 o cos 1 s 2 o sin 1 s 4 o * 2 o * 2 o sin 1 s 2 o sin 1 s 3 o cos 1 s 4 }, { o - 2 o * 2 o cos 1 s 2 o cos 1 s 4 o * 2 o * 2 o sin 1 s 2 o sin 1 s 3 o sin 1 s 4 }, { o * 2 o neg 1 o sin 1 s 2 o cos 1 s 3 }; { o - 2 o * 2 o sin 1 s 2 o sin 1 s 4 o * 2 o * 2 o cos 1 s 2 o sin 1 s 3 o cos 1 s 4 }, { o + 2 o * 2 o * 2 o cos 1 s 2 o sin 1 s 3 o sin 1 s 4 o * 2 o sin 1 s 2 o cos 1 s 4 }, { o * 2 o cos 1 s 2 o cos 1 s 3 }]
ans =

[{ o - 2 o * 2 o cos 1 s 4 o cos 1 s 2 o * 2 o * 2 o sin 1 s 4 o cos 1 s 3 o sin 1 s 2 }, { o - 2 o * 2 o * 2 o neg 1 o cos 1 s 4 o cos 1 s 3 o sin 1 s 2 o * 2 o sin 1 s 4 o cos 1 s 2 }, { o * 2 o sin 1 s 3 o sin 1 s 2 }; { o + 2 o * 2 o cos 1 s 4 o sin 1 s 2 o * 2 o * 2 o sin 1 s 4 o cos 1 s 3 o cos 1 s 2 }, { o - 2 o * 2 o * 2 o cos 1 s 4 o cos 1 s 3 o cos 1 s 2 o * 2 o sin 1 s 4 o sin 1 s 2 }, { o * 2 o neg 1 o sin 1 s 3 o cos 1 s 2 }; { o * 2 o sin 1 s 4 o sin 1 s 3 }, { o * 2 o cos 1 s 4 o sin 1 s 3 }, { o cos 1 s 3 }]
ans =

[{ d 0 }, { o neg 1 s 4 }, { s 3 }; { s 4 }, { d 0 }, { o neg 1 s 2 }; { o neg 1 s 3 }, { s 2 }, { d 0 }]
ans =

[{ d 1 }, { d 0 }, { d 0 }; { d 0 }, { d -0.9991351502732795 }, { d -0.04158066243329049 }; { d 0 }, { d 0.04158066243329049 }, { d -0.9991351502732795 }]
ans =

[{ d -0.9991351502732795 }, { d 0 }, { d 0.04158066243329049 }; { d 0 }, { d 1 }, { d 0 }; { d -0.04158066243329049 }, { d 0 }, { d -0.9991351502732795 }]
ans =

[{ d -0.9991351502732795 }, { d -0.04158066243329049 }, { d 0 }; { d 0.04158066243329049 }, { d -0.9991351502732795 }, { d 0 }; { d 0 }, { d 0 }, { d 1 }]
ans =

[{ d -0.9887943065460819 }, { d -0.1240240721855429 }, { d -0.0830894028174964 }; { d -0.1209187375421446 }, { d 0.9917971787833366 }, { d -0.04143688053688583 }; { d 0.0875470059640356 }, { d -0.03092548586408048 }, { d -0.9956802378629415 }]
ans =

[{ d 0.9862101965718915 }, { d 0.1654615114093547 }, { d -0.003454912410338014 }; { d -0.1651741963160129 }, { d 0.9827642506881058 }, { d -0.08301754297017631 }; { d -0.01034084372719754 }, { d 0.08244340975225282 }, { d 0.9965420970232175 }]
ans =

[{ d 0.9982710485116087 }, { d 0.0415447014087482 }, { d 0.04158066243329049 }; { d -0.04327215761391721 }, { d 0.9981991575634064 }, { d 0.0415447014087482 }; { d -0.0397798199966969 }, { d -0.04327215761391721 }, { d 0.9982710485116087 }]
ans =

[{ d 0.9999985047167778 }, { d 3.592992366004133e-05 }, { d 0.001728951488391255 }; { d -3.592992366004133e-05 }, { d -0.9991366455565017 }, { d 0.0415447014087482 }; { d 0.001728951488391255 }, { d -0.0415447014087482 }, { d -0.9991351502732795 }]
ans =

[{ d 0 }, { d -3.1 }, { d 3.1 }; { d 3.1 }, { d 0 }, { d -3.1 }; { d -3.1 }, { d 3.1 }, { d 0 }]
ans =

[{ d 0 }, { d -3.1 }, { d 3.1 }; { d 3.1 }, { d 0 }, { d -3.1 }; { d -3.1 }, { d 3.1 }, { d 0 }]
