cs =  3.1000
is =

{ s 1 }
ss =

{ d 3.1 }
cv =

   3.1000
   3.1000
   3.1000

iv =

[{ s 2 }; { s 3 }; { s 4 }]
sv =

[{ d 3.1 }; { d 3.1 }; { d 3.1 }]
cm =

   3.1000   3.1000   3.1000
   3.1000   3.1000   3.1000
   3.1000   3.1000   3.1000

sm =

[{ d 3.1 }, { d 3.1 }, { d 3.1 }; { d 3.1 }, { d 3.1 }, { d 3.1 }; { d 3.1 }, { d 3.1 }, { d 3.1 }]
ans =  9.6100
ans =

{ o * 2 d 3.1 s 1 }
ans =

{ d 9.610000000000001 }
ans =

   9.6100
   9.6100
   9.6100

ans =

[{ o * 2 s 2 d 3.1 }; { o * 2 s 3 d 3.1 }; { o * 2 s 4 d 3.1 }]
ans =

[{ d 9.610000000000001 }; { d 9.610000000000001 }; { d 9.610000000000001 }]
ans =

   9.6100   9.6100   9.6100
   9.6100   9.6100   9.6100
   9.6100   9.6100   9.6100

ans =

[{ d 9.610000000000001 }, { d 9.610000000000001 }, { d 9.610000000000001 }; { d 9.610000000000001 }, { d 9.610000000000001 }, { d 9.610000000000001 }; { d 9.610000000000001 }, { d 9.610000000000001 }, { d 9.610000000000001 }]
ans =

{ o * 2 s 1 d 3.1 }
ans =

{ o pow 2 s 1 i 2 }
ans =

{ o * 2 s 1 d 3.1 }
ans =

[{ o * 2 d 3.1 s 1 }; { o * 2 d 3.1 s 1 }; { o * 2 d 3.1 s 1 }]
ans =

[{ o * 2 s 2 s 1 }; { o * 2 s 3 s 1 }; { o * 2 s 4 s 1 }]
ans =

[{ o * 2 d 3.1 s 1 }; { o * 2 d 3.1 s 1 }; { o * 2 d 3.1 s 1 }]
ans =

[{ o * 2 d 3.1 s 1 }, { o * 2 d 3.1 s 1 }, { o * 2 d 3.1 s 1 }; { o * 2 d 3.1 s 1 }, { o * 2 d 3.1 s 1 }, { o * 2 d 3.1 s 1 }; { o * 2 d 3.1 s 1 }, { o * 2 d 3.1 s 1 }, { o * 2 d 3.1 s 1 }]
ans =

[{ o * 2 d 3.1 s 1 }, { o * 2 d 3.1 s 1 }, { o * 2 d 3.1 s 1 }; { o * 2 d 3.1 s 1 }, { o * 2 d 3.1 s 1 }, { o * 2 d 3.1 s 1 }; { o * 2 d 3.1 s 1 }, { o * 2 d 3.1 s 1 }, { o * 2 d 3.1 s 1 }]
ans =

{ d 9.610000000000001 }
ans =

{ o * 2 d 3.1 s 1 }
ans =

{ d 9.610000000000001 }
ans =

[{ d 9.610000000000001 }; { d 9.610000000000001 }; { d 9.610000000000001 }]
ans =

[{ o * 2 s 2 d 3.1 }; { o * 2 s 3 d 3.1 }; { o * 2 s 4 d 3.1 }]
ans =

[{ d 9.610000000000001 }; { d 9.610000000000001 }; { d 9.610000000000001 }]
ans =

[{ d 9.610000000000001 }, { d 9.610000000000001 }, { d 9.610000000000001 }; { d 9.610000000000001 }, { d 9.610000000000001 }, { d 9.610000000000001 }; { d 9.610000000000001 }, { d 9.610000000000001 }, { d 9.610000000000001 }]
ans =

[{ d 9.610000000000001 }, { d 9.610000000000001 }, { d 9.610000000000001 }; { d 9.610000000000001 }, { d 9.610000000000001 }, { d 9.610000000000001 }; { d 9.610000000000001 }, { d 9.610000000000001 }, { d 9.610000000000001 }]
ans =

   9.6100
   9.6100
   9.6100

ans =

[{ o * 2 d 3.1 s 1 }; { o * 2 d 3.1 s 1 }; { o * 2 d 3.1 s 1 }]
ans =

[{ d 9.610000000000001 }; { d 9.610000000000001 }; { d 9.610000000000001 }]
ans =

[{ o * 2 s 2 d 3.1 }; { o * 2 s 3 d 3.1 }; { o * 2 s 4 d 3.1 }]
ans =

[{ o * 2 s 2 s 1 }; { o * 2 s 3 s 1 }; { o * 2 s 4 s 1 }]
ans =

[{ o * 2 s 2 d 3.1 }; { o * 2 s 3 d 3.1 }; { o * 2 s 4 d 3.1 }]
ans =

[{ d 9.610000000000001 }; { d 9.610000000000001 }; { d 9.610000000000001 }]
ans =

[{ o * 2 d 3.1 s 1 }; { o * 2 d 3.1 s 1 }; { o * 2 d 3.1 s 1 }]
ans =

[{ d 9.610000000000001 }; { d 9.610000000000001 }; { d 9.610000000000001 }]
ans =

   9.6100   9.6100   9.6100
   9.6100   9.6100   9.6100
   9.6100   9.6100   9.6100

ans =

[{ o * 2 d 3.1 s 1 }, { o * 2 d 3.1 s 1 }, { o * 2 d 3.1 s 1 }; { o * 2 d 3.1 s 1 }, { o * 2 d 3.1 s 1 }, { o * 2 d 3.1 s 1 }; { o * 2 d 3.1 s 1 }, { o * 2 d 3.1 s 1 }, { o * 2 d 3.1 s 1 }]
ans =

[{ d 9.610000000000001 }, { d 9.610000000000001 }, { d 9.610000000000001 }; { d 9.610000000000001 }, { d 9.610000000000001 }, { d 9.610000000000001 }; { d 9.610000000000001 }, { d 9.610000000000001 }, { d 9.610000000000001 }]
ans =

   28.830
   28.830
   28.830

ans =

[{ o + 2 o + 2 o * 2 d 3.1 s 2 o * 2 d 3.1 s 3 o * 2 d 3.1 s 4 }; { o + 2 o + 2 o * 2 d 3.1 s 2 o * 2 d 3.1 s 3 o * 2 d 3.1 s 4 }; { o + 2 o + 2 o * 2 d 3.1 s 2 o * 2 d 3.1 s 3 o * 2 d 3.1 s 4 }]
ans =

[{ d 28.83000000000001 }; { d 28.83000000000001 }; { d 28.83000000000001 }]
ans =

   28.830   28.830   28.830
   28.830   28.830   28.830
   28.830   28.830   28.830

ans =

[{ d 28.83000000000001 }, { d 28.83000000000001 }, { d 28.83000000000001 }; { d 28.83000000000001 }, { d 28.83000000000001 }, { d 28.83000000000001 }; { d 28.83000000000001 }, { d 28.83000000000001 }, { d 28.83000000000001 }]
ans =

[{ d 9.610000000000001 }, { d 9.610000000000001 }, { d 9.610000000000001 }; { d 9.610000000000001 }, { d 9.610000000000001 }, { d 9.610000000000001 }; { d 9.610000000000001 }, { d 9.610000000000001 }, { d 9.610000000000001 }]
ans =

[{ o * 2 d 3.1 s 1 }, { o * 2 d 3.1 s 1 }, { o * 2 d 3.1 s 1 }; { o * 2 d 3.1 s 1 }, { o * 2 d 3.1 s 1 }, { o * 2 d 3.1 s 1 }; { o * 2 d 3.1 s 1 }, { o * 2 d 3.1 s 1 }, { o * 2 d 3.1 s 1 }]
ans =

[{ d 9.610000000000001 }, { d 9.610000000000001 }, { d 9.610000000000001 }; { d 9.610000000000001 }, { d 9.610000000000001 }, { d 9.610000000000001 }; { d 9.610000000000001 }, { d 9.610000000000001 }, { d 9.610000000000001 }]
ans =

[{ d 28.83000000000001 }; { d 28.83000000000001 }; { d 28.83000000000001 }]
ans =

[{ o + 2 o + 2 o * 2 d 3.1 s 2 o * 2 d 3.1 s 3 o * 2 d 3.1 s 4 }; { o + 2 o + 2 o * 2 d 3.1 s 2 o * 2 d 3.1 s 3 o * 2 d 3.1 s 4 }; { o + 2 o + 2 o * 2 d 3.1 s 2 o * 2 d 3.1 s 3 o * 2 d 3.1 s 4 }]
ans =

[{ d 28.83000000000001 }; { d 28.83000000000001 }; { d 28.83000000000001 }]
ans =

[{ d 28.83000000000001 }, { d 28.83000000000001 }, { d 28.83000000000001 }; { d 28.83000000000001 }, { d 28.83000000000001 }, { d 28.83000000000001 }; { d 28.83000000000001 }, { d 28.83000000000001 }, { d 28.83000000000001 }]
ans =

[{ d 28.83000000000001 }, { d 28.83000000000001 }, { d 28.83000000000001 }; { d 28.83000000000001 }, { d 28.83000000000001 }, { d 28.83000000000001 }; { d 28.83000000000001 }, { d 28.83000000000001 }, { d 28.83000000000001 }]
ans =  1
ans =

{ o / 2 s 1 d 3.1 }
ans =

{ i 1 }
ans =

   1
   1
   1

ans =

[{ o / 2 s 2 d 3.1 }; { o / 2 s 3 d 3.1 }; { o / 2 s 4 d 3.1 }]
ans =

[{ i 1 }; { i 1 }; { i 1 }]
ans =

   1   1   1
   1   1   1
   1   1   1

ans =

[{ i 1 }, { i 1 }, { i 1 }; { i 1 }, { i 1 }, { i 1 }; { i 1 }, { i 1 }, { i 1 }]
ans =

{ o / 2 d 3.1 s 1 }
ans =

{ i 1 }
ans =

{ o / 2 d 3.1 s 1 }
ans =

[{ o / 2 d 3.1 s 1 }; { o / 2 d 3.1 s 1 }; { o / 2 d 3.1 s 1 }]
ans =

[{ o / 2 s 2 s 1 }; { o / 2 s 3 s 1 }; { o / 2 s 4 s 1 }]
ans =

[{ o / 2 d 3.1 s 1 }; { o / 2 d 3.1 s 1 }; { o / 2 d 3.1 s 1 }]
ans =

[{ o / 2 d 3.1 s 1 }, { o / 2 d 3.1 s 1 }, { o / 2 d 3.1 s 1 }; { o / 2 d 3.1 s 1 }, { o / 2 d 3.1 s 1 }, { o / 2 d 3.1 s 1 }; { o / 2 d 3.1 s 1 }, { o / 2 d 3.1 s 1 }, { o / 2 d 3.1 s 1 }]
ans =

[{ o / 2 d 3.1 s 1 }, { o / 2 d 3.1 s 1 }, { o / 2 d 3.1 s 1 }; { o / 2 d 3.1 s 1 }, { o / 2 d 3.1 s 1 }, { o / 2 d 3.1 s 1 }; { o / 2 d 3.1 s 1 }, { o / 2 d 3.1 s 1 }, { o / 2 d 3.1 s 1 }]
ans =

{ i 1 }
ans =

{ o / 2 s 1 d 3.1 }
ans =

{ i 1 }
ans =

[{ i 1 }; { i 1 }; { i 1 }]
ans =

[{ o / 2 s 2 d 3.1 }; { o / 2 s 3 d 3.1 }; { o / 2 s 4 d 3.1 }]
ans =

[{ i 1 }; { i 1 }; { i 1 }]
ans =

[{ i 1 }, { i 1 }, { i 1 }; { i 1 }, { i 1 }, { i 1 }; { i 1 }, { i 1 }, { i 1 }]
ans =

[{ i 1 }, { i 1 }, { i 1 }; { i 1 }, { i 1 }, { i 1 }; { i 1 }, { i 1 }, { i 1 }]
ans =  6.2000
ans =

{ o + 2 s 1 d 3.1 }
ans =

{ d 6.2 }
ans =

{ o + 2 d 3.1 s 1 }
ans =

{ o + 2 s 1 s 1 }
ans =

{ o + 2 d 3.1 s 1 }
ans =

{ d 6.2 }
ans =

{ o + 2 s 1 d 3.1 }
ans =

{ d 6.2 }
ans =

   6.2000
   6.2000
   6.2000

ans =

[{ o + 2 s 2 d 3.1 }; { o + 2 s 3 d 3.1 }; { o + 2 s 4 d 3.1 }]
ans =

[{ d 6.2 }; { d 6.2 }; { d 6.2 }]
ans =

[{ o + 2 d 3.1 s 2 }; { o + 2 d 3.1 s 3 }; { o + 2 d 3.1 s 4 }]
ans =

[{ o + 2 s 2 s 2 }; { o + 2 s 3 s 3 }; { o + 2 s 4 s 4 }]
ans =

[{ o + 2 d 3.1 s 2 }; { o + 2 d 3.1 s 3 }; { o + 2 d 3.1 s 4 }]
ans =

[{ d 6.2 }; { d 6.2 }; { d 6.2 }]
ans =

[{ o + 2 s 2 d 3.1 }; { o + 2 s 3 d 3.1 }; { o + 2 s 4 d 3.1 }]
ans =

[{ d 6.2 }; { d 6.2 }; { d 6.2 }]
ans =

   6.2000   6.2000   6.2000
   6.2000   6.2000   6.2000
   6.2000   6.2000   6.2000

ans =

[{ d 6.2 }, { d 6.2 }, { d 6.2 }; { d 6.2 }, { d 6.2 }, { d 6.2 }; { d 6.2 }, { d 6.2 }, { d 6.2 }]
