cs = 3.1
is =

s1
ss =

3.1000000000000001e00
cv =

 3.1
 3.1
 3.1

iv =

[s2; s3; s4]
sv =

[3.1000000000000001e00; 3.1000000000000001e00; 3.1000000000000001e00]
cm =

 3.1 3.1 3.1
 3.1 3.1 3.1
 3.1 3.1 3.1

sm =

[3.1000000000000001e00, 3.1000000000000001e00, 3.1000000000000001e00; 3.1000000000000001e00, 3.1000000000000001e00, 3.1000000000000001e00; 3.1000000000000001e00, 3.1000000000000001e00, 3.1000000000000001e00]
ans = 9.61
ans =

mult(3.1000000000000001e00,s1)
ans =

9.6100000000000012e00
ans =

 9.61
 9.61
 9.61

ans =

[mult(s2,3.1000000000000001e00); mult(s3,3.1000000000000001e00); mult(s4,3.1000000000000001e00)]
ans =

[9.6100000000000012e00; 9.6100000000000012e00; 9.6100000000000012e00]
ans =

 9.61 9.61 9.61
 9.61 9.61 9.61
 9.61 9.61 9.61

ans =

[9.6100000000000012e00, 9.6100000000000012e00, 9.6100000000000012e00; 9.6100000000000012e00, 9.6100000000000012e00, 9.6100000000000012e00; 9.6100000000000012e00, 9.6100000000000012e00, 9.6100000000000012e00]
ans =

mult(s1,3.1000000000000001e00)
ans =

pow(s1,2)
ans =

mult(s1,3.1000000000000001e00)
ans =

[mult(3.1000000000000001e00,s1); mult(3.1000000000000001e00,s1); mult(3.1000000000000001e00,s1)]
ans =

[mult(s2,s1); mult(s3,s1); mult(s4,s1)]
ans =

[mult(3.1000000000000001e00,s1); mult(3.1000000000000001e00,s1); mult(3.1000000000000001e00,s1)]
ans =

[mult(3.1000000000000001e00,s1), mult(3.1000000000000001e00,s1), mult(3.1000000000000001e00,s1); mult(3.1000000000000001e00,s1), mult(3.1000000000000001e00,s1), mult(3.1000000000000001e00,s1); mult(3.1000000000000001e00,s1), mult(3.1000000000000001e00,s1), mult(3.1000000000000001e00,s1)]
ans =

[mult(3.1000000000000001e00,s1), mult(3.1000000000000001e00,s1), mult(3.1000000000000001e00,s1); mult(3.1000000000000001e00,s1), mult(3.1000000000000001e00,s1), mult(3.1000000000000001e00,s1); mult(3.1000000000000001e00,s1), mult(3.1000000000000001e00,s1), mult(3.1000000000000001e00,s1)]
ans =

9.6100000000000012e00
ans =

mult(3.1000000000000001e00,s1)
ans =

9.6100000000000012e00
ans =

[9.6100000000000012e00; 9.6100000000000012e00; 9.6100000000000012e00]
ans =

[mult(s2,3.1000000000000001e00); mult(s3,3.1000000000000001e00); mult(s4,3.1000000000000001e00)]
ans =

[9.6100000000000012e00; 9.6100000000000012e00; 9.6100000000000012e00]
ans =

[9.6100000000000012e00, 9.6100000000000012e00, 9.6100000000000012e00; 9.6100000000000012e00, 9.6100000000000012e00, 9.6100000000000012e00; 9.6100000000000012e00, 9.6100000000000012e00, 9.6100000000000012e00]
ans =

[9.6100000000000012e00, 9.6100000000000012e00, 9.6100000000000012e00; 9.6100000000000012e00, 9.6100000000000012e00, 9.6100000000000012e00; 9.6100000000000012e00, 9.6100000000000012e00, 9.6100000000000012e00]
ans =

 9.61
 9.61
 9.61

ans =

[mult(3.1000000000000001e00,s1); mult(3.1000000000000001e00,s1); mult(3.1000000000000001e00,s1)]
ans =

[9.6100000000000012e00; 9.6100000000000012e00; 9.6100000000000012e00]
ans =

[mult(s2,3.1000000000000001e00); mult(s3,3.1000000000000001e00); mult(s4,3.1000000000000001e00)]
ans =

[mult(s2,s1); mult(s3,s1); mult(s4,s1)]
ans =

[mult(s2,3.1000000000000001e00); mult(s3,3.1000000000000001e00); mult(s4,3.1000000000000001e00)]
ans =

[9.6100000000000012e00; 9.6100000000000012e00; 9.6100000000000012e00]
ans =

[mult(3.1000000000000001e00,s1); mult(3.1000000000000001e00,s1); mult(3.1000000000000001e00,s1)]
ans =

[9.6100000000000012e00; 9.6100000000000012e00; 9.6100000000000012e00]
ans =

 9.61 9.61 9.61
 9.61 9.61 9.61
 9.61 9.61 9.61

ans =

[mult(3.1000000000000001e00,s1), mult(3.1000000000000001e00,s1), mult(3.1000000000000001e00,s1); mult(3.1000000000000001e00,s1), mult(3.1000000000000001e00,s1), mult(3.1000000000000001e00,s1); mult(3.1000000000000001e00,s1), mult(3.1000000000000001e00,s1), mult(3.1000000000000001e00,s1)]
ans =

[9.6100000000000012e00, 9.6100000000000012e00, 9.6100000000000012e00; 9.6100000000000012e00, 9.6100000000000012e00, 9.6100000000000012e00; 9.6100000000000012e00, 9.6100000000000012e00, 9.6100000000000012e00]
ans =

 28.83
 28.83
 28.83

ans =

[plus(plus(mult(3.1000000000000001e00,s2),mult(3.1000000000000001e00,s3)),mult(3.1000000000000001e00,s4)); plus(plus(mult(3.1000000000000001e00,s2),mult(3.1000000000000001e00,s3)),mult(3.1000000000000001e00,s4)); plus(plus(mult(3.1000000000000001e00,s2),mult(3.1000000000000001e00,s3)),mult(3.1000000000000001e00,s4))]
ans =

[2.8830000000000006e01; 2.8830000000000006e01; 2.8830000000000006e01]
ans =

 28.83 28.83 28.83
 28.83 28.83 28.83
 28.83 28.83 28.83

ans =

[2.8830000000000006e01, 2.8830000000000006e01, 2.8830000000000006e01; 2.8830000000000006e01, 2.8830000000000006e01, 2.8830000000000006e01; 2.8830000000000006e01, 2.8830000000000006e01, 2.8830000000000006e01]
ans =

[9.6100000000000012e00, 9.6100000000000012e00, 9.6100000000000012e00; 9.6100000000000012e00, 9.6100000000000012e00, 9.6100000000000012e00; 9.6100000000000012e00, 9.6100000000000012e00, 9.6100000000000012e00]
ans =

[mult(3.1000000000000001e00,s1), mult(3.1000000000000001e00,s1), mult(3.1000000000000001e00,s1); mult(3.1000000000000001e00,s1), mult(3.1000000000000001e00,s1), mult(3.1000000000000001e00,s1); mult(3.1000000000000001e00,s1), mult(3.1000000000000001e00,s1), mult(3.1000000000000001e00,s1)]
ans =

[9.6100000000000012e00, 9.6100000000000012e00, 9.6100000000000012e00; 9.6100000000000012e00, 9.6100000000000012e00, 9.6100000000000012e00; 9.6100000000000012e00, 9.6100000000000012e00, 9.6100000000000012e00]
ans =

[2.8830000000000006e01; 2.8830000000000006e01; 2.8830000000000006e01]
ans =

[plus(plus(mult(3.1000000000000001e00,s2),mult(3.1000000000000001e00,s3)),mult(3.1000000000000001e00,s4)); plus(plus(mult(3.1000000000000001e00,s2),mult(3.1000000000000001e00,s3)),mult(3.1000000000000001e00,s4)); plus(plus(mult(3.1000000000000001e00,s2),mult(3.1000000000000001e00,s3)),mult(3.1000000000000001e00,s4))]
ans =

[2.8830000000000006e01; 2.8830000000000006e01; 2.8830000000000006e01]
ans =

[2.8830000000000006e01, 2.8830000000000006e01, 2.8830000000000006e01; 2.8830000000000006e01, 2.8830000000000006e01, 2.8830000000000006e01; 2.8830000000000006e01, 2.8830000000000006e01, 2.8830000000000006e01]
ans =

[2.8830000000000006e01, 2.8830000000000006e01, 2.8830000000000006e01; 2.8830000000000006e01, 2.8830000000000006e01, 2.8830000000000006e01; 2.8830000000000006e01, 2.8830000000000006e01, 2.8830000000000006e01]
ans = 1
ans =

div(s1,3.1000000000000001e00)
ans =

1
ans =

 1
 1
 1

ans =

[div(s2,3.1000000000000001e00); div(s3,3.1000000000000001e00); div(s4,3.1000000000000001e00)]
ans =

[1; 1; 1]
ans =

 1 1 1
 1 1 1
 1 1 1

ans =

[1, 1, 1; 1, 1, 1; 1, 1, 1]
ans =

div(3.1000000000000001e00,s1)
ans =

1
ans =

div(3.1000000000000001e00,s1)
ans =

[div(3.1000000000000001e00,s1); div(3.1000000000000001e00,s1); div(3.1000000000000001e00,s1)]
ans =

[div(s2,s1); div(s3,s1); div(s4,s1)]
ans =

[div(3.1000000000000001e00,s1); div(3.1000000000000001e00,s1); div(3.1000000000000001e00,s1)]
ans =

[div(3.1000000000000001e00,s1), div(3.1000000000000001e00,s1), div(3.1000000000000001e00,s1); div(3.1000000000000001e00,s1), div(3.1000000000000001e00,s1), div(3.1000000000000001e00,s1); div(3.1000000000000001e00,s1), div(3.1000000000000001e00,s1), div(3.1000000000000001e00,s1)]
ans =

[div(3.1000000000000001e00,s1), div(3.1000000000000001e00,s1), div(3.1000000000000001e00,s1); div(3.1000000000000001e00,s1), div(3.1000000000000001e00,s1), div(3.1000000000000001e00,s1); div(3.1000000000000001e00,s1), div(3.1000000000000001e00,s1), div(3.1000000000000001e00,s1)]
ans =

1
ans =

div(s1,3.1000000000000001e00)
ans =

1
ans =

[1; 1; 1]
ans =

[div(s2,3.1000000000000001e00); div(s3,3.1000000000000001e00); div(s4,3.1000000000000001e00)]
ans =

[1; 1; 1]
ans =

[1, 1, 1; 1, 1, 1; 1, 1, 1]
ans =

[1, 1, 1; 1, 1, 1; 1, 1, 1]
ans = 6.2
ans =

plus(s1,3.1000000000000001e00)
ans =

6.2000000000000002e00
ans =

plus(3.1000000000000001e00,s1)
ans =

plus(s1,s1)
ans =

plus(3.1000000000000001e00,s1)
ans =

6.2000000000000002e00
ans =

plus(s1,3.1000000000000001e00)
