cs =    3.1000e+00
is =

{s 1}
ss =

{d 3.1}
cv =

   3.1000e+00
   3.1000e+00
   3.1000e+00

iv =

[{s 2}; {s 3}; {s 4}]
sv =

[{d 3.1}; {d 3.1}; {d 3.1}]
cm =

   3.1000e+00   3.1000e+00   3.1000e+00
   3.1000e+00   3.1000e+00   3.1000e+00
   3.1000e+00   3.1000e+00   3.1000e+00

sm =

[{d 3.1}, {d 3.1}, {d 3.1}; {d 3.1}, {d 3.1}, {d 3.1}; {d 3.1}, {d 3.1}, {d 3.1}]
ans =    9.6100e+00
ans =

{o * {d 3.1} {s 1}}
ans =

{d 9.61}
ans =

   9.6100e+00
   9.6100e+00
   9.6100e+00

ans =

[{o * {s 2} {d 3.1}}; {o * {s 3} {d 3.1}}; {o * {s 4} {d 3.1}}]
ans =

[{d 9.61}; {d 9.61}; {d 9.61}]
ans =

   9.6100e+00   9.6100e+00   9.6100e+00
   9.6100e+00   9.6100e+00   9.6100e+00
   9.6100e+00   9.6100e+00   9.6100e+00

ans =

[{d 9.61}, {d 9.61}, {d 9.61}; {d 9.61}, {d 9.61}, {d 9.61}; {d 9.61}, {d 9.61}, {d 9.61}]
ans =

{o * {s 1} {d 3.1}}
ans =

{o pow {s 1} {i 2}}
ans =

{o * {s 1} {d 3.1}}
ans =

[{o * {d 3.1} {s 1}}; {o * {d 3.1} {s 1}}; {o * {d 3.1} {s 1}}]
ans =

[{o * {s 2} {s 1}}; {o * {s 3} {s 1}}; {o * {s 4} {s 1}}]
ans =

[{o * {d 3.1} {s 1}}; {o * {d 3.1} {s 1}}; {o * {d 3.1} {s 1}}]
ans =

[{o * {d 3.1} {s 1}}, {o * {d 3.1} {s 1}}, {o * {d 3.1} {s 1}}; {o * {d 3.1} {s 1}}, {o * {d 3.1} {s 1}}, {o * {d 3.1} {s 1}}; {o * {d 3.1} {s 1}}, {o * {d 3.1} {s 1}}, {o * {d 3.1} {s 1}}]
ans =

[{o * {d 3.1} {s 1}}, {o * {d 3.1} {s 1}}, {o * {d 3.1} {s 1}}; {o * {d 3.1} {s 1}}, {o * {d 3.1} {s 1}}, {o * {d 3.1} {s 1}}; {o * {d 3.1} {s 1}}, {o * {d 3.1} {s 1}}, {o * {d 3.1} {s 1}}]
ans =

{d 9.61}
ans =

{o * {d 3.1} {s 1}}
ans =

{d 9.61}
ans =

[{d 9.61}; {d 9.61}; {d 9.61}]
ans =

[{o * {s 2} {d 3.1}}; {o * {s 3} {d 3.1}}; {o * {s 4} {d 3.1}}]
ans =

[{d 9.61}; {d 9.61}; {d 9.61}]
ans =

[{d 9.61}, {d 9.61}, {d 9.61}; {d 9.61}, {d 9.61}, {d 9.61}; {d 9.61}, {d 9.61}, {d 9.61}]
ans =

[{d 9.61}, {d 9.61}, {d 9.61}; {d 9.61}, {d 9.61}, {d 9.61}; {d 9.61}, {d 9.61}, {d 9.61}]
ans =

   9.6100e+00
   9.6100e+00
   9.6100e+00

ans =

[{o * {d 3.1} {s 1}}; {o * {d 3.1} {s 1}}; {o * {d 3.1} {s 1}}]
ans =

[{d 9.61}; {d 9.61}; {d 9.61}]
ans =

[{o * {s 2} {d 3.1}}; {o * {s 3} {d 3.1}}; {o * {s 4} {d 3.1}}]
ans =

[{o * {s 2} {s 1}}; {o * {s 3} {s 1}}; {o * {s 4} {s 1}}]
ans =

[{o * {s 2} {d 3.1}}; {o * {s 3} {d 3.1}}; {o * {s 4} {d 3.1}}]
ans =

[{d 9.61}; {d 9.61}; {d 9.61}]
ans =

[{o * {d 3.1} {s 1}}; {o * {d 3.1} {s 1}}; {o * {d 3.1} {s 1}}]
ans =

[{d 9.61}; {d 9.61}; {d 9.61}]
ans =

   9.6100e+00   9.6100e+00   9.6100e+00
   9.6100e+00   9.6100e+00   9.6100e+00
   9.6100e+00   9.6100e+00   9.6100e+00

ans =

[{o * {d 3.1} {s 1}}, {o * {d 3.1} {s 1}}, {o * {d 3.1} {s 1}}; {o * {d 3.1} {s 1}}, {o * {d 3.1} {s 1}}, {o * {d 3.1} {s 1}}; {o * {d 3.1} {s 1}}, {o * {d 3.1} {s 1}}, {o * {d 3.1} {s 1}}]
ans =

[{d 9.61}, {d 9.61}, {d 9.61}; {d 9.61}, {d 9.61}, {d 9.61}; {d 9.61}, {d 9.61}, {d 9.61}]
ans =

   2.8830e+01
   2.8830e+01
   2.8830e+01

ans =

[{o + {o + {o * {d 3.1} {s 2}} {o * {d 3.1} {s 3}}} {o * {d 3.1} {s 4}}}; {o + {o + {o * {d 3.1} {s 2}} {o * {d 3.1} {s 3}}} {o * {d 3.1} {s 4}}}; {o + {o + {o * {d 3.1} {s 2}} {o * {d 3.1} {s 3}}} {o * {d 3.1} {s 4}}}]
ans =

[{d 28.83}; {d 28.83}; {d 28.83}]
ans =

   2.8830e+01   2.8830e+01   2.8830e+01
   2.8830e+01   2.8830e+01   2.8830e+01
   2.8830e+01   2.8830e+01   2.8830e+01

ans =

[{d 28.83}, {d 28.83}, {d 28.83}; {d 28.83}, {d 28.83}, {d 28.83}; {d 28.83}, {d 28.83}, {d 28.83}]
ans =

[{d 9.61}, {d 9.61}, {d 9.61}; {d 9.61}, {d 9.61}, {d 9.61}; {d 9.61}, {d 9.61}, {d 9.61}]
ans =

[{o * {d 3.1} {s 1}}, {o * {d 3.1} {s 1}}, {o * {d 3.1} {s 1}}; {o * {d 3.1} {s 1}}, {o * {d 3.1} {s 1}}, {o * {d 3.1} {s 1}}; {o * {d 3.1} {s 1}}, {o * {d 3.1} {s 1}}, {o * {d 3.1} {s 1}}]
ans =

[{d 9.61}, {d 9.61}, {d 9.61}; {d 9.61}, {d 9.61}, {d 9.61}; {d 9.61}, {d 9.61}, {d 9.61}]
ans =

[{d 28.83}; {d 28.83}; {d 28.83}]
ans =

[{o + {o + {o * {d 3.1} {s 2}} {o * {d 3.1} {s 3}}} {o * {d 3.1} {s 4}}}; {o + {o + {o * {d 3.1} {s 2}} {o * {d 3.1} {s 3}}} {o * {d 3.1} {s 4}}}; {o + {o + {o * {d 3.1} {s 2}} {o * {d 3.1} {s 3}}} {o * {d 3.1} {s 4}}}]
ans =

[{d 28.83}; {d 28.83}; {d 28.83}]
ans =

[{d 28.83}, {d 28.83}, {d 28.83}; {d 28.83}, {d 28.83}, {d 28.83}; {d 28.83}, {d 28.83}, {d 28.83}]
ans =

[{d 28.83}, {d 28.83}, {d 28.83}; {d 28.83}, {d 28.83}, {d 28.83}; {d 28.83}, {d 28.83}, {d 28.83}]
ans =    1.0000e+00
ans =

{o / {s 1} {d 3.1}}
ans =

{i 1}
ans =

   1.0000e+00
   1.0000e+00
   1.0000e+00

ans =

[{o / {s 2} {d 3.1}}; {o / {s 3} {d 3.1}}; {o / {s 4} {d 3.1}}]
ans =

[{i 1}; {i 1}; {i 1}]
ans =

   1.0000e+00   1.0000e+00   1.0000e+00
   1.0000e+00   1.0000e+00   1.0000e+00
   1.0000e+00   1.0000e+00   1.0000e+00

ans =

[{i 1}, {i 1}, {i 1}; {i 1}, {i 1}, {i 1}; {i 1}, {i 1}, {i 1}]
ans =

{o / {d 3.1} {s 1}}
ans =

{i 1}
ans =

{o / {d 3.1} {s 1}}
ans =

[{o / {d 3.1} {s 1}}; {o / {d 3.1} {s 1}}; {o / {d 3.1} {s 1}}]
ans =

[{o / {s 2} {s 1}}; {o / {s 3} {s 1}}; {o / {s 4} {s 1}}]
ans =

[{o / {d 3.1} {s 1}}; {o / {d 3.1} {s 1}}; {o / {d 3.1} {s 1}}]
ans =

[{o / {d 3.1} {s 1}}, {o / {d 3.1} {s 1}}, {o / {d 3.1} {s 1}}; {o / {d 3.1} {s 1}}, {o / {d 3.1} {s 1}}, {o / {d 3.1} {s 1}}; {o / {d 3.1} {s 1}}, {o / {d 3.1} {s 1}}, {o / {d 3.1} {s 1}}]
ans =

[{o / {d 3.1} {s 1}}, {o / {d 3.1} {s 1}}, {o / {d 3.1} {s 1}}; {o / {d 3.1} {s 1}}, {o / {d 3.1} {s 1}}, {o / {d 3.1} {s 1}}; {o / {d 3.1} {s 1}}, {o / {d 3.1} {s 1}}, {o / {d 3.1} {s 1}}]
ans =

{i 1}
ans =

{o / {s 1} {d 3.1}}
ans =

{i 1}
ans =

[{i 1}; {i 1}; {i 1}]
ans =

[{o / {s 2} {d 3.1}}; {o / {s 3} {d 3.1}}; {o / {s 4} {d 3.1}}]
ans =

[{i 1}; {i 1}; {i 1}]
ans =

[{i 1}, {i 1}, {i 1}; {i 1}, {i 1}, {i 1}; {i 1}, {i 1}, {i 1}]
ans =

[{i 1}, {i 1}, {i 1}; {i 1}, {i 1}, {i 1}; {i 1}, {i 1}, {i 1}]
ans =    6.2000e+00
ans =

{o + {s 1} {d 3.1}}
ans =

{d 6.2}
ans =

{o + {d 3.1} {s 1}}
ans =

{o + {s 1} {s 1}}
ans =

{o + {d 3.1} {s 1}}
ans =

{d 6.2}
ans =

{o + {s 1} {d 3.1}}
ans =

{d 6.2}
ans =

   6.2000e+00
   6.2000e+00
   6.2000e+00

ans =

[{o + {s 2} {d 3.1}}; {o + {s 3} {d 3.1}}; {o + {s 4} {d 3.1}}]
ans =

[{d 6.2}; {d 6.2}; {d 6.2}]
ans =

[{o + {d 3.1} {s 2}}; {o + {d 3.1} {s 3}}; {o + {d 3.1} {s 4}}]
ans =

[{o + {s 2} {s 2}}; {o + {s 3} {s 3}}; {o + {s 4} {s 4}}]
ans =

[{o + {d 3.1} {s 2}}; {o + {d 3.1} {s 3}}; {o + {d 3.1} {s 4}}]
ans =

[{d 6.2}; {d 6.2}; {d 6.2}]
ans =

[{o + {s 2} {d 3.1}}; {o + {s 3} {d 3.1}}; {o + {s 4} {d 3.1}}]
ans =

[{d 6.2}; {d 6.2}; {d 6.2}]
ans =

   6.2000e+00   6.2000e+00   6.2000e+00
   6.2000e+00   6.2000e+00   6.2000e+00
   6.2000e+00   6.2000e+00   6.2000e+00

ans =

[{d 6.2}, {d 6.2}, {d 6.2}; {d 6.2}, {d 6.2}, {d 6.2}; {d 6.2}, {d 6.2}, {d 6.2}]
ans =

[{d 6.2}, {d 6.2}, {d 6.2}; {d 6.2}, {d 6.2}, {d 6.2}; {d 6.2}, {d 6.2}, {d 6.2}]
ans =

[{d 6.2}, {d 6.2}, {d 6.2}; {d 6.2}, {d 6.2}, {d 6.2}; {d 6.2}, {d 6.2}, {d 6.2}]
ans =    0.0000e+00
ans =

{o - {s 1} {d 3.1}}
ans =

{i 0}
ans =

{o - {d 3.1} {s 1}}
ans =

{o - {s 1} {s 1}}
ans =

{o - {d 3.1} {s 1}}
ans =

{i 0}
ans =

{o - {s 1} {d 3.1}}
ans =

{i 0}
ans =

   0.0000e+00
   0.0000e+00
   0.0000e+00

ans =

[{o - {s 2} {d 3.1}}; {o - {s 3} {d 3.1}}; {o - {s 4} {d 3.1}}]
ans =

[{i 0}; {i 0}; {i 0}]
ans =

[{o - {d 3.1} {s 2}}; {o - {d 3.1} {s 3}}; {o - {d 3.1} {s 4}}]
ans =

[{o - {s 2} {s 2}}; {o - {s 3} {s 3}}; {o - {s 4} {s 4}}]
ans =

[{o - {d 3.1} {s 2}}; {o - {d 3.1} {s 3}}; {o - {d 3.1} {s 4}}]
ans =

[{i 0}; {i 0}; {i 0}]
ans =

[{o - {s 2} {d 3.1}}; {o - {s 3} {d 3.1}}; {o - {s 4} {d 3.1}}]
ans =

[{i 0}; {i 0}; {i 0}]
ans =

   0.0000e+00   0.0000e+00   0.0000e+00
   0.0000e+00   0.0000e+00   0.0000e+00
   0.0000e+00   0.0000e+00   0.0000e+00

ans =

[{i 0}, {i 0}, {i 0}; {i 0}, {i 0}, {i 0}; {i 0}, {i 0}, {i 0}]
ans =

[{i 0}, {i 0}, {i 0}; {i 0}, {i 0}, {i 0}; {i 0}, {i 0}, {i 0}]
ans =

[{i 0}, {i 0}, {i 0}; {i 0}, {i 0}, {i 0}; {i 0}, {i 0}, {i 0}]
ans =    4.1581e-02
ans =

   4.1581e-02
   4.1581e-02
   4.1581e-02

