cs =    3.1000e+00
is =

{ s 1 }
ss =

{ d 3.1 }
cv =

   3.1000e+00
   3.1000e+00
   3.1000e+00

iv =

[{ s 2 }; { s 3 }; { s 4 }]
sv =

[{ d 3.1 }; { d 3.1 }; { d 3.1 }]
cm =

   3.1000e+00   3.1000e+00   3.1000e+00
   3.1000e+00   3.1000e+00   3.1000e+00
   3.1000e+00   3.1000e+00   3.1000e+00

sm =

[{ d 3.1 }, { d 3.1 }, { d 3.1 }; { d 3.1 }, { d 3.1 }, { d 3.1 }; { d 3.1 }, { d 3.1 }, { d 3.1 }]
ans =    9.6100e+00
ans =

{ o * 2 d 3.1 s 1 }
ans =

{ d 9.610000000000001 }
ans =

   9.6100e+00
   9.6100e+00
   9.6100e+00

ans =

[{ o * 2 s 2 d 3.1 }; { o * 2 s 3 d 3.1 }; { o * 2 s 4 d 3.1 }]
ans =

[{ d 9.610000000000001 }; { d 9.610000000000001 }; { d 9.610000000000001 }]
ans =

   9.6100e+00   9.6100e+00   9.6100e+00
   9.6100e+00   9.6100e+00   9.6100e+00
   9.6100e+00   9.6100e+00   9.6100e+00

ans =

[{ d 9.610000000000001 }, { d 9.610000000000001 }, { d 9.610000000000001 }; { d 9.610000000000001 }, { d 9.610000000000001 }, { d 9.610000000000001 }; { d 9.610000000000001 }, { d 9.610000000000001 }, { d 9.610000000000001 }]
ans =

{ o * 2 s 1 d 3.1 }
ans =

{ o pow 2 s 1 i 2 }
ans =

{ o * 2 s 1 d 3.1 }
ans =

[{ o * 2 d 3.1 s 1 }; { o * 2 d 3.1 s 1 }; { o * 2 d 3.1 s 1 }]
ans =

[{ o * 2 s 2 s 1 }; { o * 2 s 3 s 1 }; { o * 2 s 4 s 1 }]
ans =

[{ o * 2 d 3.1 s 1 }; { o * 2 d 3.1 s 1 }; { o * 2 d 3.1 s 1 }]
ans =

[{ o * 2 d 3.1 s 1 }, { o * 2 d 3.1 s 1 }, { o * 2 d 3.1 s 1 }; { o * 2 d 3.1 s 1 }, { o * 2 d 3.1 s 1 }, { o * 2 d 3.1 s 1 }; { o * 2 d 3.1 s 1 }, { o * 2 d 3.1 s 1 }, { o * 2 d 3.1 s 1 }]
ans =

[{ o * 2 d 3.1 s 1 }, { o * 2 d 3.1 s 1 }, { o * 2 d 3.1 s 1 }; { o * 2 d 3.1 s 1 }, { o * 2 d 3.1 s 1 }, { o * 2 d 3.1 s 1 }; { o * 2 d 3.1 s 1 }, { o * 2 d 3.1 s 1 }, { o * 2 d 3.1 s 1 }]
ans =

{ d 9.610000000000001 }
ans =

{ o * 2 d 3.1 s 1 }
ans =

{ d 9.610000000000001 }
ans =

[{ d 9.610000000000001 }; { d 9.610000000000001 }; { d 9.610000000000001 }]
ans =

[{ o * 2 s 2 d 3.1 }; { o * 2 s 3 d 3.1 }; { o * 2 s 4 d 3.1 }]
ans =

[{ d 9.610000000000001 }; { d 9.610000000000001 }; { d 9.610000000000001 }]
ans =

[{ d 9.610000000000001 }, { d 9.610000000000001 }, { d 9.610000000000001 }; { d 9.610000000000001 }, { d 9.610000000000001 }, { d 9.610000000000001 }; { d 9.610000000000001 }, { d 9.610000000000001 }, { d 9.610000000000001 }]
ans =

[{ d 9.610000000000001 }, { d 9.610000000000001 }, { d 9.610000000000001 }; { d 9.610000000000001 }, { d 9.610000000000001 }, { d 9.610000000000001 }; { d 9.610000000000001 }, { d 9.610000000000001 }, { d 9.610000000000001 }]
ans =

   9.6100e+00
   9.6100e+00
   9.6100e+00

ans =

[{ o * 2 d 3.1 s 1 }; { o * 2 d 3.1 s 1 }; { o * 2 d 3.1 s 1 }]
ans =

[{ d 9.610000000000001 }; { d 9.610000000000001 }; { d 9.610000000000001 }]
ans =

[{ o * 2 s 2 d 3.1 }; { o * 2 s 3 d 3.1 }; { o * 2 s 4 d 3.1 }]
ans =

[{ o * 2 s 2 s 1 }; { o * 2 s 3 s 1 }; { o * 2 s 4 s 1 }]
ans =

[{ o * 2 s 2 d 3.1 }; { o * 2 s 3 d 3.1 }; { o * 2 s 4 d 3.1 }]
ans =

[{ d 9.610000000000001 }; { d 9.610000000000001 }; { d 9.610000000000001 }]
ans =

[{ o * 2 d 3.1 s 1 }; { o * 2 d 3.1 s 1 }; { o * 2 d 3.1 s 1 }]
ans =

[{ d 9.610000000000001 }; { d 9.610000000000001 }; { d 9.610000000000001 }]
ans =

   9.6100e+00   9.6100e+00   9.6100e+00
   9.6100e+00   9.6100e+00   9.6100e+00
   9.6100e+00   9.6100e+00   9.6100e+00

ans =

[{ o * 2 d 3.1 s 1 }, { o * 2 d 3.1 s 1 }, { o * 2 d 3.1 s 1 }; { o * 2 d 3.1 s 1 }, { o * 2 d 3.1 s 1 }, { o * 2 d 3.1 s 1 }; { o * 2 d 3.1 s 1 }, { o * 2 d 3.1 s 1 }, { o * 2 d 3.1 s 1 }]
ans =

[{ d 9.610000000000001 }, { d 9.610000000000001 }, { d 9.610000000000001 }; { d 9.610000000000001 }, { d 9.610000000000001 }, { d 9.610000000000001 }; { d 9.610000000000001 }, { d 9.610000000000001 }, { d 9.610000000000001 }]
ans =

   2.8830e+01
   2.8830e+01
   2.8830e+01

ans =

[{ o + 2 o + 2 o * 2 d 3.1 s 2 o * 2 d 3.1 s 3 o * 2 d 3.1 s 4 }; { o + 2 o + 2 o * 2 d 3.1 s 2 o * 2 d 3.1 s 3 o * 2 d 3.1 s 4 }; { o + 2 o + 2 o * 2 d 3.1 s 2 o * 2 d 3.1 s 3 o * 2 d 3.1 s 4 }]
ans =

[{ d 28.83000000000001 }; { d 28.83000000000001 }; { d 28.83000000000001 }]
ans =

   2.8830e+01   2.8830e+01   2.8830e+01
   2.8830e+01   2.8830e+01   2.8830e+01
   2.8830e+01   2.8830e+01   2.8830e+01

ans =

[{ d 28.83000000000001 }, { d 28.83000000000001 }, { d 28.83000000000001 }; { d 28.83000000000001 }, { d 28.83000000000001 }, { d 28.83000000000001 }; { d 28.83000000000001 }, { d 28.83000000000001 }, { d 28.83000000000001 }]
ans =

[{ d 9.610000000000001 }, { d 9.610000000000001 }, { d 9.610000000000001 }; { d 9.610000000000001 }, { d 9.610000000000001 }, { d 9.610000000000001 }; { d 9.610000000000001 }, { d 9.610000000000001 }, { d 9.610000000000001 }]
ans =

[{ o * 2 d 3.1 s 1 }, { o * 2 d 3.1 s 1 }, { o * 2 d 3.1 s 1 }; { o * 2 d 3.1 s 1 }, { o * 2 d 3.1 s 1 }, { o * 2 d 3.1 s 1 }; { o * 2 d 3.1 s 1 }, { o * 2 d 3.1 s 1 }, { o * 2 d 3.1 s 1 }]
ans =

[{ d 9.610000000000001 }, { d 9.610000000000001 }, { d 9.610000000000001 }; { d 9.610000000000001 }, { d 9.610000000000001 }, { d 9.610000000000001 }; { d 9.610000000000001 }, { d 9.610000000000001 }, { d 9.610000000000001 }]
ans =

[{ d 28.83000000000001 }; { d 28.83000000000001 }; { d 28.83000000000001 }]
ans =

[{ o + 2 o + 2 o * 2 d 3.1 s 2 o * 2 d 3.1 s 3 o * 2 d 3.1 s 4 }; { o + 2 o + 2 o * 2 d 3.1 s 2 o * 2 d 3.1 s 3 o * 2 d 3.1 s 4 }; { o + 2 o + 2 o * 2 d 3.1 s 2 o * 2 d 3.1 s 3 o * 2 d 3.1 s 4 }]
ans =

[{ d 28.83000000000001 }; { d 28.83000000000001 }; { d 28.83000000000001 }]
ans =

[{ d 28.83000000000001 }, { d 28.83000000000001 }, { d 28.83000000000001 }; { d 28.83000000000001 }, { d 28.83000000000001 }, { d 28.83000000000001 }; { d 28.83000000000001 }, { d 28.83000000000001 }, { d 28.83000000000001 }]
ans =

[{ d 28.83000000000001 }, { d 28.83000000000001 }, { d 28.83000000000001 }; { d 28.83000000000001 }, { d 28.83000000000001 }, { d 28.83000000000001 }; { d 28.83000000000001 }, { d 28.83000000000001 }, { d 28.83000000000001 }]
ans =    1.0000e+00
ans =

{ o / 2 s 1 d 3.1 }
ans =

{ i 1 }
ans =

   1.0000e+00
   1.0000e+00
   1.0000e+00

ans =

[{ o / 2 s 2 d 3.1 }; { o / 2 s 3 d 3.1 }; { o / 2 s 4 d 3.1 }]
ans =

[{ i 1 }; { i 1 }; { i 1 }]
ans =

   1.0000e+00   1.0000e+00   1.0000e+00
   1.0000e+00   1.0000e+00   1.0000e+00
   1.0000e+00   1.0000e+00   1.0000e+00

ans =

[{ i 1 }, { i 1 }, { i 1 }; { i 1 }, { i 1 }, { i 1 }; { i 1 }, { i 1 }, { i 1 }]
ans =

{ o / 2 d 3.1 s 1 }
ans =

{ i 1 }
ans =

{ o / 2 d 3.1 s 1 }
ans =

[{ o / 2 d 3.1 s 1 }; { o / 2 d 3.1 s 1 }; { o / 2 d 3.1 s 1 }]
ans =

[{ o / 2 s 2 s 1 }; { o / 2 s 3 s 1 }; { o / 2 s 4 s 1 }]
ans =

[{ o / 2 d 3.1 s 1 }; { o / 2 d 3.1 s 1 }; { o / 2 d 3.1 s 1 }]
ans =

[{ o / 2 d 3.1 s 1 }, { o / 2 d 3.1 s 1 }, { o / 2 d 3.1 s 1 }; { o / 2 d 3.1 s 1 }, { o / 2 d 3.1 s 1 }, { o / 2 d 3.1 s 1 }; { o / 2 d 3.1 s 1 }, { o / 2 d 3.1 s 1 }, { o / 2 d 3.1 s 1 }]
ans =

[{ o / 2 d 3.1 s 1 }, { o / 2 d 3.1 s 1 }, { o / 2 d 3.1 s 1 }; { o / 2 d 3.1 s 1 }, { o / 2 d 3.1 s 1 }, { o / 2 d 3.1 s 1 }; { o / 2 d 3.1 s 1 }, { o / 2 d 3.1 s 1 }, { o / 2 d 3.1 s 1 }]
ans =

{ i 1 }
ans =

{ o / 2 s 1 d 3.1 }
ans =

{ i 1 }
ans =

[{ i 1 }; { i 1 }; { i 1 }]
ans =

[{ o / 2 s 2 d 3.1 }; { o / 2 s 3 d 3.1 }; { o / 2 s 4 d 3.1 }]
ans =

[{ i 1 }; { i 1 }; { i 1 }]
ans =

[{ i 1 }, { i 1 }, { i 1 }; { i 1 }, { i 1 }, { i 1 }; { i 1 }, { i 1 }, { i 1 }]
ans =

[{ i 1 }, { i 1 }, { i 1 }; { i 1 }, { i 1 }, { i 1 }; { i 1 }, { i 1 }, { i 1 }]
ans =    6.2000e+00
ans =

{ o + 2 s 1 d 3.1 }
ans =

{ d 6.2 }
ans =

{ o + 2 d 3.1 s 1 }
ans =

{ o + 2 s 1 s 1 }
ans =

{ o + 2 d 3.1 s 1 }
ans =

{ d 6.2 }
ans =

{ o + 2 s 1 d 3.1 }
ans =

{ d 6.2 }
ans =

   6.2000e+00
   6.2000e+00
   6.2000e+00

ans =

[{ o + 2 s 2 d 3.1 }; { o + 2 s 3 d 3.1 }; { o + 2 s 4 d 3.1 }]
ans =

[{ d 6.2 }; { d 6.2 }; { d 6.2 }]
ans =

[{ o + 2 d 3.1 s 2 }; { o + 2 d 3.1 s 3 }; { o + 2 d 3.1 s 4 }]
ans =

[{ o + 2 s 2 s 2 }; { o + 2 s 3 s 3 }; { o + 2 s 4 s 4 }]
ans =

[{ o + 2 d 3.1 s 2 }; { o + 2 d 3.1 s 3 }; { o + 2 d 3.1 s 4 }]
ans =

[{ d 6.2 }; { d 6.2 }; { d 6.2 }]
ans =

[{ o + 2 s 2 d 3.1 }; { o + 2 s 3 d 3.1 }; { o + 2 s 4 d 3.1 }]
ans =

[{ d 6.2 }; { d 6.2 }; { d 6.2 }]
ans =

   6.2000e+00   6.2000e+00   6.2000e+00
   6.2000e+00   6.2000e+00   6.2000e+00
   6.2000e+00   6.2000e+00   6.2000e+00

ans =

[{ d 6.2 }, { d 6.2 }, { d 6.2 }; { d 6.2 }, { d 6.2 }, { d 6.2 }; { d 6.2 }, { d 6.2 }, { d 6.2 }]
ans =

[{ d 6.2 }, { d 6.2 }, { d 6.2 }; { d 6.2 }, { d 6.2 }, { d 6.2 }; { d 6.2 }, { d 6.2 }, { d 6.2 }]
ans =

[{ d 6.2 }, { d 6.2 }, { d 6.2 }; { d 6.2 }, { d 6.2 }, { d 6.2 }; { d 6.2 }, { d 6.2 }, { d 6.2 }]
ans =    0.0000e+00
ans =

{ o - 2 s 1 d 3.1 }
ans =

{ i 0 }
ans =

{ o - 2 d 3.1 s 1 }
ans =

{ o - 2 s 1 s 1 }
ans =

{ o - 2 d 3.1 s 1 }
ans =

{ i 0 }
ans =

{ o - 2 s 1 d 3.1 }
ans =

{ i 0 }
ans =

   0.0000e+00
   0.0000e+00
   0.0000e+00

ans =

[{ o - 2 s 2 d 3.1 }; { o - 2 s 3 d 3.1 }; { o - 2 s 4 d 3.1 }]
ans =

[{ i 0 }; { i 0 }; { i 0 }]
ans =

[{ o - 2 d 3.1 s 2 }; { o - 2 d 3.1 s 3 }; { o - 2 d 3.1 s 4 }]
ans =

[{ o - 2 s 2 s 2 }; { o - 2 s 3 s 3 }; { o - 2 s 4 s 4 }]
ans =

[{ o - 2 d 3.1 s 2 }; { o - 2 d 3.1 s 3 }; { o - 2 d 3.1 s 4 }]
ans =

[{ i 0 }; { i 0 }; { i 0 }]
ans =

[{ o - 2 s 2 d 3.1 }; { o - 2 s 3 d 3.1 }; { o - 2 s 4 d 3.1 }]
ans =

[{ i 0 }; { i 0 }; { i 0 }]
ans =

   0.0000e+00   0.0000e+00   0.0000e+00
   0.0000e+00   0.0000e+00   0.0000e+00
   0.0000e+00   0.0000e+00   0.0000e+00

ans =

[{ i 0 }, { i 0 }, { i 0 }; { i 0 }, { i 0 }, { i 0 }; { i 0 }, { i 0 }, { i 0 }]
ans =

[{ i 0 }, { i 0 }, { i 0 }; { i 0 }, { i 0 }, { i 0 }; { i 0 }, { i 0 }, { i 0 }]
ans =

[{ i 0 }, { i 0 }, { i 0 }; { i 0 }, { i 0 }, { i 0 }; { i 0 }, { i 0 }, { i 0 }]
ans =    4.1581e-02
ans =

   4.1581e-02
   4.1581e-02
   4.1581e-02

ans =

   4.1581e-02   4.1581e-02   4.1581e-02
   4.1581e-02   4.1581e-02   4.1581e-02
   4.1581e-02   4.1581e-02   4.1581e-02

ans =

{ o sin 1 s 1 }
ans =

{ d 0.04158066243329049 }
ans =

   3.1000e+00   3.1000e+00   3.1000e+00
   3.1000e+00   3.1000e+00   3.1000e+00
   3.1000e+00   3.1000e+00   3.1000e+00

ans =

[{ d 3.1 }, { d 3.1 }, { d 3.1 }; { d 3.1 }, { d 3.1 }, { d 3.1 }; { d 3.1 }, { d 3.1 }, { d 3.1 }]
ans =    5.3694e+00
ans =

{ o sqrt 1 o + 2 o + 2 o pow 2 s 2 i 2 o pow 2 s 3 i 2 o pow 2 s 4 i 2 }
ans =

{ d 5.36935750346352 }
ans =

   3.1000e+00
   3.1000e+00

ans =

[{ d 3.1 }; { s 1 }]
ans =

[{ d 3.1 }; { d 3.1 }]
ans =

[{ s 1 }; { d 3.1 }]
ans =

[{ s 1 }; { s 1 }]
ans =

[{ s 1 }; { d 3.1 }]
ans =

[{ d 3.1 }; { d 3.1 }]
ans =

[{ d 3.1 }; { s 1 }]
ans =

[{ d 3.1 }; { d 3.1 }]
ans =

   3.1000e+00   3.1000e+00

ans =

[{ d 3.1 }, { s 1 }]
ans =

[{ d 3.1 }, { d 3.1 }]
ans =

[{ s 1 }, { d 3.1 }]
ans =

[{ s 1 }, { s 1 }]
ans =

[{ s 1 }, { d 3.1 }]
ans =

[{ d 3.1 }, { d 3.1 }]
ans =

[{ d 3.1 }, { s 1 }]
ans =

[{ d 3.1 }, { d 3.1 }]
ans =

   3.1000e+00   3.1000e+00
   3.1000e+00   3.1000e+00
   3.1000e+00   3.1000e+00

ans =

[{ d 3.1 }, { s 2 }; { d 3.1 }, { s 3 }; { d 3.1 }, { s 4 }]
ans =

[{ d 3.1 }, { d 3.1 }; { d 3.1 }, { d 3.1 }; { d 3.1 }, { d 3.1 }]
ans =

[{ s 2 }, { d 3.1 }; { s 3 }, { d 3.1 }; { s 4 }, { d 3.1 }]
ans =

[{ s 2 }, { s 2 }; { s 3 }, { s 3 }; { s 4 }, { s 4 }]
ans =

[{ s 2 }, { d 3.1 }; { s 3 }, { d 3.1 }; { s 4 }, { d 3.1 }]
ans =

[{ d 3.1 }, { d 3.1 }; { d 3.1 }, { d 3.1 }; { d 3.1 }, { d 3.1 }]
ans =

[{ d 3.1 }, { s 2 }; { d 3.1 }, { s 3 }; { d 3.1 }, { s 4 }]
ans =

[{ d 3.1 }, { d 3.1 }; { d 3.1 }, { d 3.1 }; { d 3.1 }, { d 3.1 }]
ans =

[{ i 0 }, { i 0 }, { i 0 }; { i 0 }, { i 0 }, { i 0 }]
ans =

   1.0000e+00   0.0000e+00   0.0000e+00
   0.0000e+00  -9.9914e-01  -4.1581e-02
   0.0000e+00   4.1581e-02  -9.9914e-01

ans =

  -9.9914e-01   0.0000e+00   4.1581e-02
   0.0000e+00   1.0000e+00   0.0000e+00
  -4.1581e-02   0.0000e+00  -9.9914e-01

ans =

  -9.9914e-01  -4.1581e-02   0.0000e+00
   4.1581e-02  -9.9914e-01   0.0000e+00
   0.0000e+00   0.0000e+00   1.0000e+00

ans =

  -9.8879e-01  -1.2402e-01  -8.3089e-02
  -1.2092e-01   9.9180e-01  -4.1437e-02
   8.7547e-02  -3.0925e-02  -9.9568e-01

ans =

   9.8621e-01   1.6546e-01  -3.4549e-03
  -1.6517e-01   9.8276e-01  -8.3018e-02
  -1.0341e-02   8.2443e-02   9.9654e-01

ans =

   9.9827e-01   4.1545e-02   4.1581e-02
  -4.3272e-02   9.9820e-01   4.1545e-02
  -3.9780e-02  -4.3272e-02   9.9827e-01

ans =

   1.0000e+00   3.5930e-05   1.7290e-03
  -3.5930e-05  -9.9914e-01   4.1545e-02
   1.7290e-03  -4.1545e-02  -9.9914e-01

ans =

   0.0000e+00  -3.1000e+00   3.1000e+00
   3.1000e+00   0.0000e+00  -3.1000e+00
  -3.1000e+00   3.1000e+00   0.0000e+00

ans =

   3.1000e+00
   3.1000e+00
   3.1000e+00

ans =

[{ i 1 }, { d 0 }, { d 0 }; { d 0 }, { o cos 1 s 1 }, { o neg 1 o sin 1 s 1 }; { d 0 }, { o sin 1 s 1 }, { o cos 1 s 1 }]
ans =

[{ o cos 1 s 1 }, { d 0 }, { o sin 1 s 1 }; { d 0 }, { i 1 }, { d 0 }; { o neg 1 o sin 1 s 1 }, { d 0 }, { o cos 1 s 1 }]
ans =

[{ o cos 1 s 1 }, { o neg 1 o sin 1 s 1 }, { d 0 }; { o sin 1 s 1 }, { o cos 1 s 1 }, { d 0 }; { d 0 }, { d 0 }, { i 1 }]
ans =

[{ o * 2 o cos 1 o * 2 s 1 d 2 o cos 1 o * 2 s 1 d 3 }, { o * 2 o neg 1 o cos 1 o * 2 s 1 d 2 o sin 1 o * 2 s 1 d 3 }, { o sin 1 o * 2 s 1 d 2 }; { o + 2 o * 2 o cos 1 s 1 o sin 1 o * 2 s 1 d 3 o * 2 o * 2 o sin 1 s 1 o sin 1 o * 2 s 1 d 2 o cos 1 o * 2 s 1 d 3 }, { o - 2 o * 2 o cos 1 s 1 o cos 1 o * 2 s 1 d 3 o * 2 o * 2 o sin 1 s 1 o sin 1 o * 2 s 1 d 2 o sin 1 o * 2 s 1 d 3 }, { o * 2 o neg 1 o sin 1 s 1 o cos 1 o * 2 s 1 d 2 }; { o - 2 o * 2 o sin 1 s 1 o sin 1 o * 2 s 1 d 3 o * 2 o * 2 o cos 1 s 1 o sin 1 o * 2 s 1 d 2 o cos 1 o * 2 s 1 d 3 }, { o + 2 o * 2 o * 2 o cos 1 s 1 o sin 1 o * 2 s 1 d 2 o sin 1 o * 2 s 1 d 3 o * 2 o sin 1 s 1 o cos 1 o * 2 s 1 d 3 }, { o * 2 o cos 1 s 1 o cos 1 o * 2 s 1 d 2 }]
ans =

[{ o - 2 o * 2 o cos 1 o * 2 s 1 d 3 o cos 1 s 1 o * 2 o * 2 o sin 1 o * 2 s 1 d 3 o cos 1 o * 2 s 1 d 2 o sin 1 s 1 }, { o - 2 o * 2 o * 2 o neg 1 o cos 1 o * 2 s 1 d 3 o cos 1 o * 2 s 1 d 2 o sin 1 s 1 o * 2 o sin 1 o * 2 s 1 d 3 o cos 1 s 1 }, { o * 2 o sin 1 o * 2 s 1 d 2 o sin 1 s 1 }; { o + 2 o * 2 o cos 1 o * 2 s 1 d 3 o sin 1 s 1 o * 2 o * 2 o sin 1 o * 2 s 1 d 3 o cos 1 o * 2 s 1 d 2 o cos 1 s 1 }, { o - 2 o * 2 o * 2 o cos 1 o * 2 s 1 d 3 o cos 1 o * 2 s 1 d 2 o cos 1 s 1 o * 2 o sin 1 o * 2 s 1 d 3 o sin 1 s 1 }, { o * 2 o neg 1 o sin 1 o * 2 s 1 d 2 o cos 1 s 1 }; { o * 2 o sin 1 o * 2 s 1 d 3 o sin 1 o * 2 s 1 d 2 }, { o * 2 o cos 1 o * 2 s 1 d 3 o sin 1 o * 2 s 1 d 2 }, { o cos 1 o * 2 s 1 d 2 }]
ans =

[{ o * 2 o cos 1 s 3 o cos 1 s 4 }, { o * 2 o neg 1 o cos 1 s 3 o sin 1 s 4 }, { o sin 1 s 3 }; { o + 2 o * 2 o cos 1 s 2 o sin 1 s 4 o * 2 o * 2 o sin 1 s 2 o sin 1 s 3 o cos 1 s 4 }, { o - 2 o * 2 o cos 1 s 2 o cos 1 s 4 o * 2 o * 2 o sin 1 s 2 o sin 1 s 3 o sin 1 s 4 }, { o * 2 o neg 1 o sin 1 s 2 o cos 1 s 3 }; { o - 2 o * 2 o sin 1 s 2 o sin 1 s 4 o * 2 o * 2 o cos 1 s 2 o sin 1 s 3 o cos 1 s 4 }, { o + 2 o * 2 o * 2 o cos 1 s 2 o sin 1 s 3 o sin 1 s 4 o * 2 o sin 1 s 2 o cos 1 s 4 }, { o * 2 o cos 1 s 2 o cos 1 s 3 }]
ans =

[{ o - 2 o * 2 o cos 1 s 4 o cos 1 s 2 o * 2 o * 2 o sin 1 s 4 o cos 1 s 3 o sin 1 s 2 }, { o - 2 o * 2 o * 2 o neg 1 o cos 1 s 4 o cos 1 s 3 o sin 1 s 2 o * 2 o sin 1 s 4 o cos 1 s 2 }, { o * 2 o sin 1 s 3 o sin 1 s 2 }; { o + 2 o * 2 o cos 1 s 4 o sin 1 s 2 o * 2 o * 2 o sin 1 s 4 o cos 1 s 3 o cos 1 s 2 }, { o - 2 o * 2 o * 2 o cos 1 s 4 o cos 1 s 3 o cos 1 s 2 o * 2 o sin 1 s 4 o sin 1 s 2 }, { o * 2 o neg 1 o sin 1 s 3 o cos 1 s 2 }; { o * 2 o sin 1 s 4 o sin 1 s 3 }, { o * 2 o cos 1 s 4 o sin 1 s 3 }, { o cos 1 s 3 }]
ans =

[{ d 0 }, { o neg 1 s 4 }, { s 3 }; { s 4 }, { d 0 }, { o neg 1 s 2 }; { o neg 1 s 3 }, { s 2 }, { d 0 }]
ans =

[{ i 1 }, { d 0 }, { d 0 }; { d 0 }, { d -0.9991351502732795 }, { d -0.04158066243329049 }; { d 0 }, { d 0.04158066243329049 }, { d -0.9991351502732795 }]
ans =

[{ d -0.9991351502732795 }, { d 0 }, { d 0.04158066243329049 }; { d 0 }, { i 1 }, { d 0 }; { d -0.04158066243329049 }, { d 0 }, { d -0.9991351502732795 }]
ans =

[{ d -0.9991351502732795 }, { d -0.04158066243329049 }, { d 0 }; { d 0.04158066243329049 }, { d -0.9991351502732795 }, { d 0 }; { d 0 }, { d 0 }, { i 1 }]
ans =

[{ d -0.9887943065460819 }, { d -0.1240240721855429 }, { d -0.0830894028174964 }; { d -0.1209187375421446 }, { d 0.9917971787833366 }, { d -0.04143688053688583 }; { d 0.0875470059640356 }, { d -0.03092548586408048 }, { d -0.9956802378629415 }]
ans =

[{ d 0.9862101965718915 }, { d 0.1654615114093547 }, { d -0.003454912410338014 }; { d -0.1651741963160129 }, { d 0.9827642506881058 }, { d -0.08301754297017631 }; { d -0.01034084372719754 }, { d 0.08244340975225282 }, { d 0.9965420970232175 }]
ans =

[{ d 0.9982710485116087 }, { d 0.0415447014087482 }, { d 0.04158066243329049 }; { d -0.04327215761391721 }, { d 0.9981991575634064 }, { d 0.0415447014087482 }; { d -0.0397798199966969 }, { d -0.04327215761391721 }, { d 0.9982710485116087 }]
ans =

[{ d 0.9999985047167778 }, { d 3.592992366004133e-05 }, { d 0.001728951488391255 }; { d -3.592992366004133e-05 }, { d -0.9991366455565017 }, { d 0.0415447014087482 }; { d 0.001728951488391255 }, { d -0.0415447014087482 }, { d -0.9991351502732795 }]
ans =

[{ d 0 }, { d -3.1 }, { d 3.1 }; { d 3.1 }, { d 0 }, { d -3.1 }; { d -3.1 }, { d 3.1 }, { d 0 }]
ans =

[{ d 0 }, { d -3.1 }, { d 3.1 }; { d 3.1 }, { d 0 }, { d -3.1 }; { d -3.1 }, { d 3.1 }, { d 0 }]
