cs =    3.1000e+00
is =

{s 1}
ss =

{d 3.1000000000000001e00}
cv =

   3.1000e+00
   3.1000e+00
   3.1000e+00

iv =

[{s 2}; {s 3}; {s 4}]
sv =

[{d 3.1000000000000001e00}; {d 3.1000000000000001e00}; {d 3.1000000000000001e00}]
cm =

   3.1000e+00   3.1000e+00   3.1000e+00
   3.1000e+00   3.1000e+00   3.1000e+00
   3.1000e+00   3.1000e+00   3.1000e+00

sm =

[{d 3.1000000000000001e00}, {d 3.1000000000000001e00}, {d 3.1000000000000001e00}; {d 3.1000000000000001e00}, {d 3.1000000000000001e00}, {d 3.1000000000000001e00}; {d 3.1000000000000001e00}, {d 3.1000000000000001e00}, {d 3.1000000000000001e00}]
ans =    9.6100e+00
ans =

{o * {d 3.1000000000000001e00} {s 1}}
ans =

{d 9.6100000000000012e00}
ans =

   9.6100e+00
   9.6100e+00
   9.6100e+00

ans =

[{o * {s 2} {d 3.1000000000000001e00}}; {o * {s 3} {d 3.1000000000000001e00}}; {o * {s 4} {d 3.1000000000000001e00}}]
ans =

[{d 9.6100000000000012e00}; {d 9.6100000000000012e00}; {d 9.6100000000000012e00}]
ans =

   9.6100e+00   9.6100e+00   9.6100e+00
   9.6100e+00   9.6100e+00   9.6100e+00
   9.6100e+00   9.6100e+00   9.6100e+00

ans =

[{d 9.6100000000000012e00}, {d 9.6100000000000012e00}, {d 9.6100000000000012e00}; {d 9.6100000000000012e00}, {d 9.6100000000000012e00}, {d 9.6100000000000012e00}; {d 9.6100000000000012e00}, {d 9.6100000000000012e00}, {d 9.6100000000000012e00}]
ans =

{o * {s 1} {d 3.1000000000000001e00}}
ans =

{o pow {s 1} {i 2}}
ans =

{o * {s 1} {d 3.1000000000000001e00}}
ans =

[{o * {d 3.1000000000000001e00} {s 1}}; {o * {d 3.1000000000000001e00} {s 1}}; {o * {d 3.1000000000000001e00} {s 1}}]
ans =

[{o * {s 2} {s 1}}; {o * {s 3} {s 1}}; {o * {s 4} {s 1}}]
ans =

[{o * {d 3.1000000000000001e00} {s 1}}; {o * {d 3.1000000000000001e00} {s 1}}; {o * {d 3.1000000000000001e00} {s 1}}]
ans =

[{o * {d 3.1000000000000001e00} {s 1}}, {o * {d 3.1000000000000001e00} {s 1}}, {o * {d 3.1000000000000001e00} {s 1}}; {o * {d 3.1000000000000001e00} {s 1}}, {o * {d 3.1000000000000001e00} {s 1}}, {o * {d 3.1000000000000001e00} {s 1}}; {o * {d 3.1000000000000001e00} {s 1}}, {o * {d 3.1000000000000001e00} {s 1}}, {o * {d 3.1000000000000001e00} {s 1}}]
ans =

[{o * {d 3.1000000000000001e00} {s 1}}, {o * {d 3.1000000000000001e00} {s 1}}, {o * {d 3.1000000000000001e00} {s 1}}; {o * {d 3.1000000000000001e00} {s 1}}, {o * {d 3.1000000000000001e00} {s 1}}, {o * {d 3.1000000000000001e00} {s 1}}; {o * {d 3.1000000000000001e00} {s 1}}, {o * {d 3.1000000000000001e00} {s 1}}, {o * {d 3.1000000000000001e00} {s 1}}]
ans =

{d 9.6100000000000012e00}
ans =

{o * {d 3.1000000000000001e00} {s 1}}
ans =

{d 9.6100000000000012e00}
ans =

[{d 9.6100000000000012e00}; {d 9.6100000000000012e00}; {d 9.6100000000000012e00}]
ans =

[{o * {s 2} {d 3.1000000000000001e00}}; {o * {s 3} {d 3.1000000000000001e00}}; {o * {s 4} {d 3.1000000000000001e00}}]
ans =

[{d 9.6100000000000012e00}; {d 9.6100000000000012e00}; {d 9.6100000000000012e00}]
ans =

[{d 9.6100000000000012e00}, {d 9.6100000000000012e00}, {d 9.6100000000000012e00}; {d 9.6100000000000012e00}, {d 9.6100000000000012e00}, {d 9.6100000000000012e00}; {d 9.6100000000000012e00}, {d 9.6100000000000012e00}, {d 9.6100000000000012e00}]
ans =

[{d 9.6100000000000012e00}, {d 9.6100000000000012e00}, {d 9.6100000000000012e00}; {d 9.6100000000000012e00}, {d 9.6100000000000012e00}, {d 9.6100000000000012e00}; {d 9.6100000000000012e00}, {d 9.6100000000000012e00}, {d 9.6100000000000012e00}]
ans =

   9.6100e+00
   9.6100e+00
   9.6100e+00

ans =

[{o * {d 3.1000000000000001e00} {s 1}}; {o * {d 3.1000000000000001e00} {s 1}}; {o * {d 3.1000000000000001e00} {s 1}}]
ans =

[{d 9.6100000000000012e00}; {d 9.6100000000000012e00}; {d 9.6100000000000012e00}]
ans =

[{o * {s 2} {d 3.1000000000000001e00}}; {o * {s 3} {d 3.1000000000000001e00}}; {o * {s 4} {d 3.1000000000000001e00}}]
ans =

[{o * {s 2} {s 1}}; {o * {s 3} {s 1}}; {o * {s 4} {s 1}}]
ans =

[{o * {s 2} {d 3.1000000000000001e00}}; {o * {s 3} {d 3.1000000000000001e00}}; {o * {s 4} {d 3.1000000000000001e00}}]
ans =

[{d 9.6100000000000012e00}; {d 9.6100000000000012e00}; {d 9.6100000000000012e00}]
ans =

[{o * {d 3.1000000000000001e00} {s 1}}; {o * {d 3.1000000000000001e00} {s 1}}; {o * {d 3.1000000000000001e00} {s 1}}]
ans =

[{d 9.6100000000000012e00}; {d 9.6100000000000012e00}; {d 9.6100000000000012e00}]
ans =

   9.6100e+00   9.6100e+00   9.6100e+00
   9.6100e+00   9.6100e+00   9.6100e+00
   9.6100e+00   9.6100e+00   9.6100e+00

ans =

[{o * {d 3.1000000000000001e00} {s 1}}, {o * {d 3.1000000000000001e00} {s 1}}, {o * {d 3.1000000000000001e00} {s 1}}; {o * {d 3.1000000000000001e00} {s 1}}, {o * {d 3.1000000000000001e00} {s 1}}, {o * {d 3.1000000000000001e00} {s 1}}; {o * {d 3.1000000000000001e00} {s 1}}, {o * {d 3.1000000000000001e00} {s 1}}, {o * {d 3.1000000000000001e00} {s 1}}]
ans =

[{d 9.6100000000000012e00}, {d 9.6100000000000012e00}, {d 9.6100000000000012e00}; {d 9.6100000000000012e00}, {d 9.6100000000000012e00}, {d 9.6100000000000012e00}; {d 9.6100000000000012e00}, {d 9.6100000000000012e00}, {d 9.6100000000000012e00}]
ans =

   2.8830e+01
   2.8830e+01
   2.8830e+01

ans =

[{o + {o + {o * {d 3.1000000000000001e00} {s 2}} {o * {d 3.1000000000000001e00} {s 3}}} {o * {d 3.1000000000000001e00} {s 4}}}; {o + {o + {o * {d 3.1000000000000001e00} {s 2}} {o * {d 3.1000000000000001e00} {s 3}}} {o * {d 3.1000000000000001e00} {s 4}}}; {o + {o + {o * {d 3.1000000000000001e00} {s 2}} {o * {d 3.1000000000000001e00} {s 3}}} {o * {d 3.1000000000000001e00} {s 4}}}]
ans =

[{d 2.8830000000000006e01}; {d 2.8830000000000006e01}; {d 2.8830000000000006e01}]
ans =

   2.8830e+01   2.8830e+01   2.8830e+01
   2.8830e+01   2.8830e+01   2.8830e+01
   2.8830e+01   2.8830e+01   2.8830e+01

ans =

[{d 2.8830000000000006e01}, {d 2.8830000000000006e01}, {d 2.8830000000000006e01}; {d 2.8830000000000006e01}, {d 2.8830000000000006e01}, {d 2.8830000000000006e01}; {d 2.8830000000000006e01}, {d 2.8830000000000006e01}, {d 2.8830000000000006e01}]
ans =

[{d 9.6100000000000012e00}, {d 9.6100000000000012e00}, {d 9.6100000000000012e00}; {d 9.6100000000000012e00}, {d 9.6100000000000012e00}, {d 9.6100000000000012e00}; {d 9.6100000000000012e00}, {d 9.6100000000000012e00}, {d 9.6100000000000012e00}]
ans =

[{o * {d 3.1000000000000001e00} {s 1}}, {o * {d 3.1000000000000001e00} {s 1}}, {o * {d 3.1000000000000001e00} {s 1}}; {o * {d 3.1000000000000001e00} {s 1}}, {o * {d 3.1000000000000001e00} {s 1}}, {o * {d 3.1000000000000001e00} {s 1}}; {o * {d 3.1000000000000001e00} {s 1}}, {o * {d 3.1000000000000001e00} {s 1}}, {o * {d 3.1000000000000001e00} {s 1}}]
ans =

[{d 9.6100000000000012e00}, {d 9.6100000000000012e00}, {d 9.6100000000000012e00}; {d 9.6100000000000012e00}, {d 9.6100000000000012e00}, {d 9.6100000000000012e00}; {d 9.6100000000000012e00}, {d 9.6100000000000012e00}, {d 9.6100000000000012e00}]
ans =

[{d 2.8830000000000006e01}; {d 2.8830000000000006e01}; {d 2.8830000000000006e01}]
ans =

[{o + {o + {o * {d 3.1000000000000001e00} {s 2}} {o * {d 3.1000000000000001e00} {s 3}}} {o * {d 3.1000000000000001e00} {s 4}}}; {o + {o + {o * {d 3.1000000000000001e00} {s 2}} {o * {d 3.1000000000000001e00} {s 3}}} {o * {d 3.1000000000000001e00} {s 4}}}; {o + {o + {o * {d 3.1000000000000001e00} {s 2}} {o * {d 3.1000000000000001e00} {s 3}}} {o * {d 3.1000000000000001e00} {s 4}}}]
ans =

[{d 2.8830000000000006e01}; {d 2.8830000000000006e01}; {d 2.8830000000000006e01}]
ans =

[{d 2.8830000000000006e01}, {d 2.8830000000000006e01}, {d 2.8830000000000006e01}; {d 2.8830000000000006e01}, {d 2.8830000000000006e01}, {d 2.8830000000000006e01}; {d 2.8830000000000006e01}, {d 2.8830000000000006e01}, {d 2.8830000000000006e01}]
ans =

[{d 2.8830000000000006e01}, {d 2.8830000000000006e01}, {d 2.8830000000000006e01}; {d 2.8830000000000006e01}, {d 2.8830000000000006e01}, {d 2.8830000000000006e01}; {d 2.8830000000000006e01}, {d 2.8830000000000006e01}, {d 2.8830000000000006e01}]
ans =    1.0000e+00
ans =

{o / {s 1} {d 3.1000000000000001e00}}
ans =

{i 1}
ans =

   1.0000e+00
   1.0000e+00
   1.0000e+00

