cs = 3.1
is =

s1
ss =

3.1000000000000001e00
cv =

 3.1
 3.1
 3.1

iv =

[s2; s3; s4]
sv =

[3.1000000000000001e00; 3.1000000000000001e00; 3.1000000000000001e00]
cm =

 3.1 3.1 3.1
 3.1 3.1 3.1
 3.1 3.1 3.1

sm =

[3.1000000000000001e00, 3.1000000000000001e00, 3.1000000000000001e00; 3.1000000000000001e00, 3.1000000000000001e00, 3.1000000000000001e00; 3.1000000000000001e00, 3.1000000000000001e00, 3.1000000000000001e00]
ans = 9.61
ans =

mult(3.1000000000000001e00,s1)
ans =

9.6100000000000012e00
ans =

 9.61
 9.61
 9.61

ans =

[mult(s2,3.1000000000000001e00); mult(s3,3.1000000000000001e00); mult(s4,3.1000000000000001e00)]
ans =

[9.6100000000000012e00; 9.6100000000000012e00; 9.6100000000000012e00]
ans =

 9.61 9.61 9.61
 9.61 9.61 9.61
 9.61 9.61 9.61

ans =

[9.6100000000000012e00, 9.6100000000000012e00, 9.6100000000000012e00; 9.6100000000000012e00, 9.6100000000000012e00, 9.6100000000000012e00; 9.6100000000000012e00, 9.6100000000000012e00, 9.6100000000000012e00]
ans =

mult(s1,3.1000000000000001e00)
ans =

pow(s1,2)
ans =

mult(s1,3.1000000000000001e00)
ans =

[mult(3.1000000000000001e00,s1); mult(3.1000000000000001e00,s1); mult(3.1000000000000001e00,s1)]
ans =

[mult(s2,s1); mult(s3,s1); mult(s4,s1)]
ans =

[mult(3.1000000000000001e00,s1); mult(3.1000000000000001e00,s1); mult(3.1000000000000001e00,s1)]
ans =

[mult(3.1000000000000001e00,s1), mult(3.1000000000000001e00,s1), mult(3.1000000000000001e00,s1); mult(3.1000000000000001e00,s1), mult(3.1000000000000001e00,s1), mult(3.1000000000000001e00,s1); mult(3.1000000000000001e00,s1), mult(3.1000000000000001e00,s1), mult(3.1000000000000001e00,s1)]
ans =

[mult(3.1000000000000001e00,s1), mult(3.1000000000000001e00,s1), mult(3.1000000000000001e00,s1); mult(3.1000000000000001e00,s1), mult(3.1000000000000001e00,s1), mult(3.1000000000000001e00,s1); mult(3.1000000000000001e00,s1), mult(3.1000000000000001e00,s1), mult(3.1000000000000001e00,s1)]
ans =

9.6100000000000012e00
ans =

mult(3.1000000000000001e00,s1)
ans =

9.6100000000000012e00
ans =

[9.6100000000000012e00; 9.6100000000000012e00; 9.6100000000000012e00]
ans =

[mult(s2,3.1000000000000001e00); mult(s3,3.1000000000000001e00); mult(s4,3.1000000000000001e00)]
ans =

[9.6100000000000012e00; 9.6100000000000012e00; 9.6100000000000012e00]
ans =

[9.6100000000000012e00, 9.6100000000000012e00, 9.6100000000000012e00; 9.6100000000000012e00, 9.6100000000000012e00, 9.6100000000000012e00; 9.6100000000000012e00, 9.6100000000000012e00, 9.6100000000000012e00]
ans =

[9.6100000000000012e00, 9.6100000000000012e00, 9.6100000000000012e00; 9.6100000000000012e00, 9.6100000000000012e00, 9.6100000000000012e00; 9.6100000000000012e00, 9.6100000000000012e00, 9.6100000000000012e00]
ans =

 9.61
 9.61
 9.61

ans =

[mult(3.1000000000000001e00,s1); mult(3.1000000000000001e00,s1); mult(3.1000000000000001e00,s1)]
ans =

[9.6100000000000012e00; 9.6100000000000012e00; 9.6100000000000012e00]
ans =

[mult(s2,3.1000000000000001e00); mult(s3,3.1000000000000001e00); mult(s4,3.1000000000000001e00)]
ans =

[mult(s2,s1); mult(s3,s1); mult(s4,s1)]
ans =

[mult(s2,3.1000000000000001e00); mult(s3,3.1000000000000001e00); mult(s4,3.1000000000000001e00)]
ans =

[9.6100000000000012e00; 9.6100000000000012e00; 9.6100000000000012e00]
ans =

[mult(3.1000000000000001e00,s1); mult(3.1000000000000001e00,s1); mult(3.1000000000000001e00,s1)]
ans =

[9.6100000000000012e00; 9.6100000000000012e00; 9.6100000000000012e00]
ans =

 9.61 9.61 9.61
 9.61 9.61 9.61
 9.61 9.61 9.61

ans =

[mult(3.1000000000000001e00,s1), mult(3.1000000000000001e00,s1), mult(3.1000000000000001e00,s1); mult(3.1000000000000001e00,s1), mult(3.1000000000000001e00,s1), mult(3.1000000000000001e00,s1); mult(3.1000000000000001e00,s1), mult(3.1000000000000001e00,s1), mult(3.1000000000000001e00,s1)]
ans =

[9.6100000000000012e00, 9.6100000000000012e00, 9.6100000000000012e00; 9.6100000000000012e00, 9.6100000000000012e00, 9.6100000000000012e00; 9.6100000000000012e00, 9.6100000000000012e00, 9.6100000000000012e00]
ans =

 28.83
 28.83
 28.83

ans =

[plus(plus(mult(3.1000000000000001e00,s2),mult(3.1000000000000001e00,s3)),mult(3.1000000000000001e00,s4)); plus(plus(mult(3.1000000000000001e00,s2),mult(3.1000000000000001e00,s3)),mult(3.1000000000000001e00,s4)); plus(plus(mult(3.1000000000000001e00,s2),mult(3.1000000000000001e00,s3)),mult(3.1000000000000001e00,s4))]
ans =

[2.8830000000000006e01; 2.8830000000000006e01; 2.8830000000000006e01]
ans =

 28.83 28.83 28.83
 28.83 28.83 28.83
 28.83 28.83 28.83

ans =

[2.8830000000000006e01, 2.8830000000000006e01, 2.8830000000000006e01; 2.8830000000000006e01, 2.8830000000000006e01, 2.8830000000000006e01; 2.8830000000000006e01, 2.8830000000000006e01, 2.8830000000000006e01]
ans =

[9.6100000000000012e00, 9.6100000000000012e00, 9.6100000000000012e00; 9.6100000000000012e00, 9.6100000000000012e00, 9.6100000000000012e00; 9.6100000000000012e00, 9.6100000000000012e00, 9.6100000000000012e00]
ans =

[mult(3.1000000000000001e00,s1), mult(3.1000000000000001e00,s1), mult(3.1000000000000001e00,s1); mult(3.1000000000000001e00,s1), mult(3.1000000000000001e00,s1), mult(3.1000000000000001e00,s1); mult(3.1000000000000001e00,s1), mult(3.1000000000000001e00,s1), mult(3.1000000000000001e00,s1)]
ans =

[9.6100000000000012e00, 9.6100000000000012e00, 9.6100000000000012e00; 9.6100000000000012e00, 9.6100000000000012e00, 9.6100000000000012e00; 9.6100000000000012e00, 9.6100000000000012e00, 9.6100000000000012e00]
ans =

[2.8830000000000006e01; 2.8830000000000006e01; 2.8830000000000006e01]
ans =

[plus(plus(mult(3.1000000000000001e00,s2),mult(3.1000000000000001e00,s3)),mult(3.1000000000000001e00,s4)); plus(plus(mult(3.1000000000000001e00,s2),mult(3.1000000000000001e00,s3)),mult(3.1000000000000001e00,s4)); plus(plus(mult(3.1000000000000001e00,s2),mult(3.1000000000000001e00,s3)),mult(3.1000000000000001e00,s4))]
ans =

[2.8830000000000006e01; 2.8830000000000006e01; 2.8830000000000006e01]
ans =

[2.8830000000000006e01, 2.8830000000000006e01, 2.8830000000000006e01; 2.8830000000000006e01, 2.8830000000000006e01, 2.8830000000000006e01; 2.8830000000000006e01, 2.8830000000000006e01, 2.8830000000000006e01]
ans =

[2.8830000000000006e01, 2.8830000000000006e01, 2.8830000000000006e01; 2.8830000000000006e01, 2.8830000000000006e01, 2.8830000000000006e01; 2.8830000000000006e01, 2.8830000000000006e01, 2.8830000000000006e01]
ans = 1
ans =

div(s1,3.1000000000000001e00)
ans =

1
ans =

 1
 1
 1

ans =

[div(s2,3.1000000000000001e00); div(s3,3.1000000000000001e00); div(s4,3.1000000000000001e00)]
ans =

[1; 1; 1]
ans =

 1 1 1
 1 1 1
 1 1 1

ans =

[1, 1, 1; 1, 1, 1; 1, 1, 1]
ans =

div(3.1000000000000001e00,s1)
ans =

1
ans =

div(3.1000000000000001e00,s1)
ans =

[div(3.1000000000000001e00,s1); div(3.1000000000000001e00,s1); div(3.1000000000000001e00,s1)]
ans =

[div(s2,s1); div(s3,s1); div(s4,s1)]
ans =

[div(3.1000000000000001e00,s1); div(3.1000000000000001e00,s1); div(3.1000000000000001e00,s1)]
ans =

[div(3.1000000000000001e00,s1), div(3.1000000000000001e00,s1), div(3.1000000000000001e00,s1); div(3.1000000000000001e00,s1), div(3.1000000000000001e00,s1), div(3.1000000000000001e00,s1); div(3.1000000000000001e00,s1), div(3.1000000000000001e00,s1), div(3.1000000000000001e00,s1)]
ans =

[div(3.1000000000000001e00,s1), div(3.1000000000000001e00,s1), div(3.1000000000000001e00,s1); div(3.1000000000000001e00,s1), div(3.1000000000000001e00,s1), div(3.1000000000000001e00,s1); div(3.1000000000000001e00,s1), div(3.1000000000000001e00,s1), div(3.1000000000000001e00,s1)]
ans =

1
ans =

div(s1,3.1000000000000001e00)
ans =

1
ans =

[1; 1; 1]
ans =

[div(s2,3.1000000000000001e00); div(s3,3.1000000000000001e00); div(s4,3.1000000000000001e00)]
ans =

[1; 1; 1]
ans =

[1, 1, 1; 1, 1, 1; 1, 1, 1]
ans =

[1, 1, 1; 1, 1, 1; 1, 1, 1]
ans = 6.2
ans =

plus(s1,3.1000000000000001e00)
ans =

6.2000000000000002e00
ans =

plus(3.1000000000000001e00,s1)
ans =

plus(s1,s1)
ans =

plus(3.1000000000000001e00,s1)
ans =

6.2000000000000002e00
ans =

plus(s1,3.1000000000000001e00)
ans =

6.2000000000000002e00
ans =

 6.2
 6.2
 6.2

ans =

[plus(s2,3.1000000000000001e00); plus(s3,3.1000000000000001e00); plus(s4,3.1000000000000001e00)]
ans =

[6.2000000000000002e00; 6.2000000000000002e00; 6.2000000000000002e00]
ans =

[plus(3.1000000000000001e00,s2); plus(3.1000000000000001e00,s3); plus(3.1000000000000001e00,s4)]
ans =

[plus(s2,s2); plus(s3,s3); plus(s4,s4)]
ans =

[plus(3.1000000000000001e00,s2); plus(3.1000000000000001e00,s3); plus(3.1000000000000001e00,s4)]
ans =

[6.2000000000000002e00; 6.2000000000000002e00; 6.2000000000000002e00]
ans =

[plus(s2,3.1000000000000001e00); plus(s3,3.1000000000000001e00); plus(s4,3.1000000000000001e00)]
ans =

[6.2000000000000002e00; 6.2000000000000002e00; 6.2000000000000002e00]
ans =

 6.2 6.2 6.2
 6.2 6.2 6.2
 6.2 6.2 6.2

ans =

[6.2000000000000002e00, 6.2000000000000002e00, 6.2000000000000002e00; 6.2000000000000002e00, 6.2000000000000002e00, 6.2000000000000002e00; 6.2000000000000002e00, 6.2000000000000002e00, 6.2000000000000002e00]
ans =

[6.2000000000000002e00, 6.2000000000000002e00, 6.2000000000000002e00; 6.2000000000000002e00, 6.2000000000000002e00, 6.2000000000000002e00; 6.2000000000000002e00, 6.2000000000000002e00, 6.2000000000000002e00]
ans =

[6.2000000000000002e00, 6.2000000000000002e00, 6.2000000000000002e00; 6.2000000000000002e00, 6.2000000000000002e00, 6.2000000000000002e00; 6.2000000000000002e00, 6.2000000000000002e00, 6.2000000000000002e00]
ans = 0
ans =

minus(s1,3.1000000000000001e00)
ans =

0
ans =

minus(3.1000000000000001e00,s1)
ans =

0
ans =

minus(3.1000000000000001e00,s1)
ans =

0
ans =

minus(s1,3.1000000000000001e00)
ans =

0
ans =

 0
 0
 0

ans =

[minus(s2,3.1000000000000001e00); minus(s3,3.1000000000000001e00); minus(s4,3.1000000000000001e00)]
ans =

[0; 0; 0]
ans =

[minus(3.1000000000000001e00,s2); minus(3.1000000000000001e00,s3); minus(3.1000000000000001e00,s4)]
ans =

[0; 0; 0]
ans =

[minus(3.1000000000000001e00,s2); minus(3.1000000000000001e00,s3); minus(3.1000000000000001e00,s4)]
ans =

[0; 0; 0]
ans =

[minus(s2,3.1000000000000001e00); minus(s3,3.1000000000000001e00); minus(s4,3.1000000000000001e00)]
ans =

[0; 0; 0]
ans =

 0 0 0
 0 0 0
 0 0 0

ans =

[0, 0, 0; 0, 0, 0; 0, 0, 0]
ans =

[0, 0, 0; 0, 0, 0; 0, 0, 0]
ans =

[0, 0, 0; 0, 0, 0; 0, 0, 0]
ans = 0.0415807
ans =

 0.0415807
 0.0415807
 0.0415807

ans =

 0.0415807 0.0415807 0.0415807
 0.0415807 0.0415807 0.0415807
 0.0415807 0.0415807 0.0415807

ans =

sin(s1)
ans =

4.1580662433290492e-02
ans = 0.785398
ans =

atan2(3.1000000000000001e00,s1)
ans =

7.8539816339744828e-01
ans =

atan2(s1,3.1000000000000001e00)
ans =

atan2(s1,s1)
ans =

atan2(s1,3.1000000000000001e00)
ans =

7.8539816339744828e-01
ans =

atan2(3.1000000000000001e00,s1)
ans =

7.8539816339744828e-01
ans = 1
ans =

heaviside(s1)
ans =

1
ans =

min(s1,3.1000000000000001e00)
ans =

max(s1,3.1000000000000001e00)
ans =

3.1000000000000001e00
ans =

condition(3.1000000000000001e00,3.1000000000000001e00,s1)
ans =

3.1000000000000001e00
ans =

condition(3.1000000000000001e00,s1,3.1000000000000001e00)
ans =

condition(3.1000000000000001e00,s1,s1)
ans =

condition(3.1000000000000001e00,s1,3.1000000000000001e00)
ans =

3.1000000000000001e00
ans =

condition(3.1000000000000001e00,3.1000000000000001e00,s1)
ans =

3.1000000000000001e00
ans =

condition(s1,3.1000000000000001e00,3.1000000000000001e00)
ans =

condition(s1,3.1000000000000001e00,s1)
ans =

condition(s1,3.1000000000000001e00,3.1000000000000001e00)
ans =

condition(s1,s1,3.1000000000000001e00)
ans =

condition(s1,s1,s1)
ans =

condition(s1,s1,3.1000000000000001e00)
ans =

condition(s1,3.1000000000000001e00,3.1000000000000001e00)
ans =

condition(s1,3.1000000000000001e00,s1)
ans =

condition(s1,3.1000000000000001e00,3.1000000000000001e00)
ans =

3.1000000000000001e00
ans =

condition(3.1000000000000001e00,3.1000000000000001e00,s1)
ans =

3.1000000000000001e00
ans =

condition(3.1000000000000001e00,s1,3.1000000000000001e00)
ans =

condition(3.1000000000000001e00,s1,s1)
ans =

condition(3.1000000000000001e00,s1,3.1000000000000001e00)
ans =

3.1000000000000001e00
ans =

condition(3.1000000000000001e00,3.1000000000000001e00,s1)
ans =

3.1000000000000001e00
ans =

 3.1 3.1 3.1
 3.1 3.1 3.1
 3.1 3.1 3.1

ans =

[3.1000000000000001e00, 3.1000000000000001e00, 3.1000000000000001e00; 3.1000000000000001e00, 3.1000000000000001e00, 3.1000000000000001e00; 3.1000000000000001e00, 3.1000000000000001e00, 3.1000000000000001e00]
ans = 5.36936
ans =

sqrt(plus(plus(pow(s2,2),pow(s3,2)),pow(s4,2)))
ans =

5.3693575034635197e00
ans =

 3.1
 3.1

ans =

[3.1000000000000001e00; s1]
ans =

[3.1000000000000001e00; 3.1000000000000001e00]
ans =

[s1; 3.1000000000000001e00]
ans =

[s1; s1]
ans =

[s1; 3.1000000000000001e00]
ans =

[3.1000000000000001e00; 3.1000000000000001e00]
ans =

[3.1000000000000001e00; s1]
ans =

[3.1000000000000001e00; 3.1000000000000001e00]
ans =

 3.1 3.1

ans =

[3.1000000000000001e00, s1]
ans =

[3.1000000000000001e00, 3.1000000000000001e00]
ans =

[s1, 3.1000000000000001e00]
ans =

[s1, s1]
ans =

[s1, 3.1000000000000001e00]
ans =

[3.1000000000000001e00, 3.1000000000000001e00]
ans =

[3.1000000000000001e00, s1]
ans =

[3.1000000000000001e00, 3.1000000000000001e00]
ans =

 3.1 3.1
 3.1 3.1
 3.1 3.1

ans =

[3.1000000000000001e00, s2; 3.1000000000000001e00, s3; 3.1000000000000001e00, s4]
ans =

[3.1000000000000001e00, 3.1000000000000001e00; 3.1000000000000001e00, 3.1000000000000001e00; 3.1000000000000001e00, 3.1000000000000001e00]
ans =

[s2, 3.1000000000000001e00; s3, 3.1000000000000001e00; s4, 3.1000000000000001e00]
ans =

[s2, s2; s3, s3; s4, s4]
ans =

[s2, 3.1000000000000001e00; s3, 3.1000000000000001e00; s4, 3.1000000000000001e00]
ans =

[3.1000000000000001e00, 3.1000000000000001e00; 3.1000000000000001e00, 3.1000000000000001e00; 3.1000000000000001e00, 3.1000000000000001e00]
ans =

[3.1000000000000001e00, s2; 3.1000000000000001e00, s3; 3.1000000000000001e00, s4]
ans =

[3.1000000000000001e00, 3.1000000000000001e00; 3.1000000000000001e00, 3.1000000000000001e00; 3.1000000000000001e00, 3.1000000000000001e00]
ans =

[0, 0, 0; 0, 0, 0]
ans =

 1 0 0
 0 -0.999135 -0.0415807
 0 0.0415807 -0.999135

ans =

 -0.999135 0 0.0415807
 0 1 0
 -0.0415807 0 -0.999135

ans =

 -0.999135 -0.0415807 0
 0.0415807 -0.999135 0
 0 0 1

ans =

 -0.988794 -0.124024 -0.0830894
 -0.120919 0.991797 -0.0414369
 0.087547 -0.0309255 -0.99568

ans =

 0.98621 0.165462 -0.00345491
 -0.165174 0.982764 -0.0830175
 -0.0103408 0.0824434 0.996542

ans =

 0.998271 0.0415447 0.0415807
 -0.0432722 0.998199 0.0415447
 -0.0397798 -0.0432722 0.998271

ans =

 0.999999 3.59299e-05 0.00172895
 -3.59299e-05 -0.999137 0.0415447
 0.00172895 -0.0415447 -0.999135

ans =

 0 -3.1 3.1
 3.1 0 -3.1
 -3.1 3.1 0

ans =

 3.1
 3.1
 3.1

ans =

[1.0e00, 0.0e00, 0.0e00; 0.0e00, cos(s1), neg(sin(s1)); 0.0e00, sin(s1), cos(s1)]
ans =

[cos(s1), 0.0e00, sin(s1); 0.0e00, 1.0e00, 0.0e00; neg(sin(s1)), 0.0e00, cos(s1)]
ans =

[cos(s1), neg(sin(s1)), 0.0e00; sin(s1), cos(s1), 0.0e00; 0.0e00, 0.0e00, 1.0e00]
ans =

[mult(cos(mult(s1,2.0e00)),cos(mult(s1,3.0e00))), mult(neg(cos(mult(s1,2.0e00))),sin(mult(s1,3.0e00))), sin(mult(s1,2.0e00)); plus(mult(cos(s1),sin(mult(s1,3.0e00))),mult(mult(sin(s1),sin(mult(s1,2.0e00))),cos(mult(s1,3.0e00)))), minus(mult(cos(s1),cos(mult(s1,3.0e00))),mult(mult(sin(s1),sin(mult(s1,2.0e00))),sin(mult(s1,3.0e00)))), mult(neg(sin(s1)),cos(mult(s1,2.0e00))); minus(mult(sin(s1),sin(mult(s1,3.0e00))),mult(mult(cos(s1),sin(mult(s1,2.0e00))),cos(mult(s1,3.0e00)))), plus(mult(mult(cos(s1),sin(mult(s1,2.0e00))),sin(mult(s1,3.0e00))),mult(sin(s1),cos(mult(s1,3.0e00)))), mult(cos(s1),cos(mult(s1,2.0e00)))]
ans =

[minus(mult(cos(mult(s1,3.0e00)),cos(s1)),mult(mult(sin(mult(s1,3.0e00)),cos(mult(s1,2.0e00))),sin(s1))), minus(mult(mult(neg(cos(mult(s1,3.0e00))),cos(mult(s1,2.0e00))),sin(s1)),mult(sin(mult(s1,3.0e00)),cos(s1))), mult(sin(mult(s1,2.0e00)),sin(s1)); plus(mult(cos(mult(s1,3.0e00)),sin(s1)),mult(mult(sin(mult(s1,3.0e00)),cos(mult(s1,2.0e00))),cos(s1))), minus(mult(mult(cos(mult(s1,3.0e00)),cos(mult(s1,2.0e00))),cos(s1)),mult(sin(mult(s1,3.0e00)),sin(s1))), mult(neg(sin(mult(s1,2.0e00))),cos(s1)); mult(sin(mult(s1,3.0e00)),sin(mult(s1,2.0e00))), mult(cos(mult(s1,3.0e00)),sin(mult(s1,2.0e00))), cos(mult(s1,2.0e00))]
ans =

[mult(cos(s3),cos(s4)), mult(neg(cos(s3)),sin(s4)), sin(s3); plus(mult(cos(s2),sin(s4)),mult(mult(sin(s2),sin(s3)),cos(s4))), minus(mult(cos(s2),cos(s4)),mult(mult(sin(s2),sin(s3)),sin(s4))), mult(neg(sin(s2)),cos(s3)); minus(mult(sin(s2),sin(s4)),mult(mult(cos(s2),sin(s3)),cos(s4))), plus(mult(mult(cos(s2),sin(s3)),sin(s4)),mult(sin(s2),cos(s4))), mult(cos(s2),cos(s3))]
ans =

[minus(mult(cos(s4),cos(s2)),mult(mult(sin(s4),cos(s3)),sin(s2))), minus(mult(mult(neg(cos(s4)),cos(s3)),sin(s2)),mult(sin(s4),cos(s2))), mult(sin(s3),sin(s2)); plus(mult(cos(s4),sin(s2)),mult(mult(sin(s4),cos(s3)),cos(s2))), minus(mult(mult(cos(s4),cos(s3)),cos(s2)),mult(sin(s4),sin(s2))), mult(neg(sin(s3)),cos(s2)); mult(sin(s4),sin(s3)), mult(cos(s4),sin(s3)), cos(s3)]
ans =

[0.0e00, neg(s4), s3; s4, 0.0e00, neg(s2); neg(s3), s2, 0.0e00]
ans =

[1.0e00, 0.0e00, 0.0e00; 0.0e00, -9.991351502732794e-01, -4.1580662433290492e-02; 0.0e00, 4.1580662433290492e-02, -9.991351502732794e-01]
ans =

[-9.991351502732794e-01, 0.0e00, 4.1580662433290492e-02; 0.0e00, 1.0e00, 0.0e00; -4.1580662433290492e-02, 0.0e00, -9.991351502732794e-01]
ans =

[-9.991351502732794e-01, -4.1580662433290492e-02, 0.0e00; 4.1580662433290492e-02, -9.991351502732794e-01, 0.0e00; 0.0e00, 0.0e00, 1.0e00]
ans =

[-9.887943065460819e-01, -1.2402407218554288e-01, -8.3089402817496403e-02; -1.209187375421446e-01, 9.9179717878333662e-01, -4.1436880536885834e-02; 8.7547005964035592e-02, -3.0925485864080482e-02, -9.9568023786294156e-01]
ans =

[9.8621019657189138e-01, 1.6546151140935468e-01, -3.4549124103380136e-03; -1.6517419631601294e-01, 9.827642506881059e-01, -8.3017542970176308e-02; -1.0340843727197542e-02, 8.244340975225283e-02, 9.9654209702321754e-01]
ans =

[9.9827104851160868e-01, 4.1544701408748202e-02, 4.1580662433290492e-02; -4.3272157613917211e-02, 9.9819915756340638e-01, 4.1544701408748202e-02; -3.97798199966969e-02, -4.3272157613917211e-02, 9.9827104851160868e-01]
ans =

[9.9999850471677778e-01, 3.592992366004133e-05, 1.7289514883912552e-03; -3.592992366004133e-05, -9.991366455565018e-01, 4.1544701408748202e-02; 1.7289514883912552e-03, -4.1544701408748202e-02, -9.991351502732794e-01]
ans =

[0.0e00, -3.1000000000000001e00, 3.1000000000000001e00; 3.1000000000000001e00, 0.0e00, -3.1000000000000001e00; -3.1000000000000001e00, 3.1000000000000001e00, 0.0e00]
ans =

[0.0e00, -3.1000000000000001e00, 3.1000000000000001e00; 3.1000000000000001e00, 0.0e00, -3.1000000000000001e00; -3.1000000000000001e00, 3.1000000000000001e00, 0.0e00]
