ans =

   1.2340   3.0000   4.0000

ans =

   5.6000   9.7000   3.5000

indices =

   3
   7
   4
   2

ans = Box1
ans =  1
ans =  1.2340
